5,0.275044985415,0.0161130394628,0.695181358651,0.0193959467238,0.148622644329,0.445025877487,0.0272180940117,0.639347481492,0.999999881083
91,0.00179000201956,0.0869145192717,0.0041095709583,0.999999807041,0.565032749375,0.178576645319,0.956398644546
165,0.79961142322,0.811760471023,0.00241274846846,0.779734938738,0.00124013776855,0.585873049849
93,0.0170080598853,0.933564713456,0.0612545683588,0.677036771959,0.537841881516
92,0.145684170933,0.000175631783188,0.701270487573,0.399690849473,0.150610670897,0.0443576721068
95,0.00928464406898,0.111257242615,0.2996429813,0.109547429051
161,0.0600812607004,0.992028288934,0.166551926635,0.936130900014,0.210766261818,0.0214734781208,0.0389062431355,0.0545342445605,1.00000032947,0.168330212196,0.84460642092,0.999172417642,0.839692161207,0.730151325062,0.0290060861984,0.210454968431,0.00999266180478
344,0.475941790303,0.779078726097,0.689320896979,0.000185857615079,0.778885934106,0.235210191144,0.0785864830516
345,0.347657720975,0.0362384557123,0.150486343762,0.00420399234471,0.468870175494,0.1925749859,0.876380513294,0.999999836767,0.183363689555
346,0.426350836913,0.00715872862195,0.394406949274
347,0.00449393084002,0.714317692941,0.980809734201,0.772081949617,0.0114600240768,0.723667472491,0.739140514262
340,0.999999911276,0.595443560141,1.00000173779,0.999999630545,0.652824533148,0.000701341922849,0.100269440342,0.251640946946,0.635549328528,0.94235325147,0.320795531616,0.999995625835,0.999999725587
341,0.0756622469675
342,0.435236066216,0.352794496231,0.000778162573422,0.150240238261
343,0.000208425204621,0.162117906169,0.0127411222037,0.742092562676,0.739170156031,0.964336638202,0.540112556092,0.999214460001,0.559452095628,2.95882144236e-06
47,0.0610621428749,0.350518523643,0.784511388726,0.189961291479,0.999918407133,0.0612685523035,0.393727799019,0.0692098568119
163,0.0291352452746,0.499862849245,0.271360364938,0.454649252162,0.00624364638979,0.731410858987
348,1.00000120853,0.565088697925,0.275365721668,0.151373703334,0.158759993794,0.249572225598,0.112366236106,0.0020049304273
349,6.6132108071e-05,0.769242041056,0.863549458812,0.0156388648369,0.629614066447,0.667713416087,0.742170914153
68,0.00831540647655,0.611203338521,0.368147982959,0.0579514902829
120,0.959076050939,0.0289960501372,0.147465620913,0.0167273479699,0.660524568204,0.0301188258294,0.669094731875,0.000180421250825
121,0.430866547014,0.656466387495,0.000141967912364,0.151684257422,0.132356198639,0.711866877799,0.609941375677,0.980860288533,0.165569423375,0.119025705659
122,0.165898154294,0.112294853073,0.133223398481,0.247911785759,0.811678061304
123,0.0496445084317,0.900505894122,0.560211743527,0.21483502014,0.966260035106,0.0548492924013,0.843129437973,0.322719036621,0.107475687499,0.0924786971242
124,0.00212998941469,0.337473981972,0.026689945295,0.305291958313,0.00583469897112,0.874900090641,0.881323853688,0.720941087543,0.0747875319772,0.00525654552839
125,0.00946849146054,0.172706953209,0.839795438766,8.83932585336e-07,0.408550063556,1.00000006185,0.235696039456,0.37439159945,0.197200286535,0.106726503768,0.278554445966
126,0.70553998799,0.344604063512,1.00000001951,0.00474840043588,0.267521643043,0.0826377623161,0.642639329789,0.296589907022,0.999999838371,0.794676400827,0.0554403421152,1.00000037195,0.00734704264274
127,0.114485261788,0.557165447672,0.02508285828,0.153766538257,0.129401604435,0.968765332705,0.0624984333282,0.319062234283,0.916113669834,0.50956510998,0.0174209270614
128,0.696100584287,0.0986765736213,0.868410105601,0.826702464593,0.248082284894,0.000274951703959,0.75100940658,0.000936532309906
129,0.25678418008,0.0151888871356,0.942758506912,0.410033056329,0.0349165588698,0.642694720318,0.610216006693
414,0.221991256662,8.92408711128e-07,0.0586939749251,0.114860688402
415,0.00777685308106,0.798542594289,0.445889887604,0.123725024704,0.812495970513,0.451490211683,0.286192637167
416,0.0329474236971,0.915630369507,0.195337680076,0.741423951004,0.064350487453,0.907540180594,0.028462511439
417,0.143421146655,0.161844019619,0.287679517899,0.451629652128,0.467211973446,0.716131226833,0.954156135866,0.751451479905
410,0.295938862785,0.293694951507,0.509624011362,0.241290599446,0.962210898794,0.00350660793434,0.195612547068
411,0.428989054803,0.285214564116,0.0348890862984,0.238409118571,0.0140259667505
298,0.208039226087,0.77236888822,0.261867007896,0.197896952449,0.61016621398,0.289837308858
299,0.607464409495,0.872647525904,0.93273947374,0.0688737890349,0.243210554393,0.336925721642,0.244004649242,0.662874703238,0.824257496171,1.00000004671
296,0.78778596884,0.112121189883,9.94272476708e-06,1.00000017782,0.658832187711,0.673869552818,0.842182100253,0.858643904276,0.0568281663149,0.432230639493,0.999999845859,0.0853061822412,0.910645788758,0.00417852566009,0.279068385532
137,0.281663080143,0.830544293732,0.169788802644,0.125073249209,0.0719191654674,0.0171093282683
294,0.532886054435,0.288819748335,0.0209097444463,1.00000006401,0.0286294198971,0.973463257303,0.953993544927,0.0119084903941,0.205539421707,0.381151329775,0.508214162411,0.0327603526787,0.405529657923
295,0.0410987049132,0.821242860916,0.369358335316,0.694694161204,0.910930217793,0.957807406306,0.394098586521,0.0128256638924,0.0068518932167,0.0203985484152
292,0.131921554081,0.0817457738746,0.749795131332,0.412197838256,0.435671641432,0.999035488905
293,0.0994138239941,0.117052455667,0.32267934369,0.311429691605,0.0113681656786,0.135042658026,0.173725890053,0.482585179595,0.400804868193,0.925262138163,0.00237175138218,0.0596066003763,0.905458379468,0.944831377507,0.999999962163
290,0.0704198523383,0.03915942624,0.024286865017,0.793765958273,0.627706215966,0.678614383823,0.0133521713594,0.884536517358
136,0.717189299371,0.0098688916519,0.903633084392,0.379083868149,0.197296730248,0.0763511270056,0.0299181091851
319,0.143789735978,0.374409523162,0.733046426672,0.147043775482,0.18896922198,0.482995887775,0.316036562641,1.00000000266,0.117158716617
318,0.0280873229782,0.00051580513149,0.335818656521,0.00131300339136,0.818388291894,0.540818011784,0.00335245996098,0.119436213666,0.150211310447,0.244790979986,0.997728333621
199,0.284230372889,0.348936280678,0.85983219723,0.700806066279,0.976026601534,0.674438430189,0.101780018538,0.0505035806645,0.123929812126,0.283572500931,0.323393193454
198,0.117467425024,0.29884274018,0.383350916366,0.534454859386,0.0404699006175,0.134623413056,0.143618760296
313,0.375066663984,0.63088018565,0.941290361825,0.257515282905,0.365024851851,0.0522957084646,0.999999817664,0.795061152262,0.00109583841727,0.235106470102,1.00000027961
312,0.00476611381841,0.0831701490995,0.63834286108,0.105158735318,0.0370913550633,0.699288309557,0.0187907425019,0.314707658713,1.00000026152,0.735484152084,0.99999992453,0.819045539244,0.0364193855031,0.97506681235
197,0.192159491337,0.0905805556168,0.201502092653,0.55336169996
196,0.114335861035,0.544207754248,0.226836821161,0.58162545698,0.00021310461897,0.0190025428206,0.203342945272,0.294720790871,0.186903987318,0.865783115562,0.976966542134
191,0.21742566497,0.114698580383,0.359024718601,0.999999807041,0.702858896599,0.39425112906
190,0.00149362134314,9.19033103124e-05,0.031506404959,0.848694462669,0.849843944909,0.528807265124,0.908721674348,0.535096996635
193,0.914021191453,0.244884675599,0.748656627374,0.00893334951993
192,0.270399772903,0.0449231714232,0.0554880038184,0.636841596016,0.999999807041,0.687383893306,0.118169193694
270,0.383285702607,0.203633791172,0.385470578864,0.599648820635,0.503068323719,0.118212909902,0.259302423997
271,0.549083450992,0.540363510837,0.00051770500439,0.485364375187,0.246829274038,0.00238694048957
272,0.160013227918,0.105370789572,0.730556411645,0.530069217196,0.00189602321452,0.172525124036,7.0309131054e-05,0.440861660057
273,0.12483074545,0.119600545519,0.943076124539,0.0357685971957,0.0526241700936
274,0.290469893243,0.0667562259344,0.459909905789,0.73876239239,0.0640931046191,0.0206146920591,0.0315394185829,0.620695573777
275,0.256842466558,0.0769579737696,0.934052425201,0.130385564245,0.480717445428
276,0.703673647235,0.369629511179,0.725621641632,0.00710626400945,0.00447182553185,0.989833569735,0.12053911757,0.000820608461703,0.763027741121
277,0.0535114210819,0.0445228738691,0.0887060307991,0.940955882413,0.0775376787634,0.811599902348,0.203034173884
278,1.62968151595e-07,0.348408332433,0.341323693319,1.62530136414e-05,0.891526286296,0.263647116665,0.746674045965,0.976376031028,0.0304487836974
279,0.235296487078,0.40211033208,0.842573028421,0.33272063163,0.216492624496,0.587447076052
497,0.0654741079202,0.178363912614,0.0402941537957,1.00000008204,0.714881390867,0.566224977704,0.368269524502
4,0.18626617264
3,0.145891228827,0.154875091574
368,0.175514700623,0.0128770300429,0.41131514538,0.0781773692492
369,0.65702014444,0.569297357162,0.0851861846773,0.0172399758518,0.53426531908,0.859111846025
366,0.680912278782,0.0187102755912,0.416485921703,0.894952386831,0.525660722887
367,0.0606419615148,0.237607837781,0.58028350892,0.23297786274,0.0900846150179
364,0.00803313729852,0.0371787264242,0.00502086914548,0.149661413099,0.677114730901,0.701292853357
365,0.219492869803,0.0371923433135,0.209736299907
449,0.292556649479,0.382305378393,0.234170092028,1.00000026109,0.304387106297,0.115133062669,0.473556624379,0.0134942947347,0.990012396301
448,0.0487357067782,0.437689233218,0.362558814271,0.54281680357,0.411125986237
443,0.495372870869,0.923222578326,0.542324458043,0.0995666018743,0.726803410127,0.435177068054,8.17125064331e-05,0.0112117764964,0.932355118062
442,0.10671117265,0.0579792731053,0.981427751851,0.286039191392,0.402969220752,0.972774305723,0.66968674917,0.255539227777
441,0.335448952987,0.932688756107,0.773669851591,0.811294901421,0.827152286937,0.000100453815564,0.0144105233564,0.00771100884621
440,0.0270791196481,0.671934359286,0.559558303156,0.0435430599369,0.0365017834372,0.193814934258,0.51587752616,1.0000000343,0.430008672348
447,0.763636195692,0.00115025362625,1.00000067379,0.505256012086,0.999999209317,0.0192659685109,0.166246287117,0.0610791118609,0.958010091187,0.589417555496,4.66613652194e-06,0.0251128512913,0.25048856349
446,0.378578209007,0.0468194655799,0.301155309624,0.0505956496684
445,0.150214157115,0.0147975786884,0.283727126901,0.773887827395,0.901990277239
444,0.109736838559,0.571461457031,0.438723129889,0.29223390787,0.187513158152,0.149406474471,0.210409213872,0.500902011218
381,0.385623955095,0.733154930101,0.962171822153,0.198859212846
382,0.0644953536465,0.293984027156,0.402120215066,0.0753512869389,0.293317056267,0.352675721443,0.000937450388881,0.837996770079
109,5.78326771542e-05,0.0227655457083,0.337088954796,0.264208165075,0.10180757747,0.180480022769
384,0.344965989538,0.183680334839,0.213431410142,0.228903657014
385,0.000516259150784,0.141131649645,0.488901633815,0.313436056897,0.0972753306234,0.0074246075216
386,0.670518655036,0.443561669858,0.582358699484,8.78042460402e-05,0.188937286859,0.102346436033
102,0.902959819355,0.305602415238,0.541510258738,0.400255386055,0.151936901709
103,0.172000345653,0.233093894994
100,0.00535327817122,0.743359149912,0.0840837964144,0.205674868295,0.168429683766,0.24784473986,0.0292244620461
101,0.283116485675,0.149995759701
106,0.720025717065,0.991678136461,0.0737322930876,0.999999378355,0.711547248571,0.0422553649667,0.749732456644,0.0653537235956,0.902296191303,0.347977506326,1.00000032947,0.0328384179454,0.34523244636,0.646247947021,0.00320988221049,0.0037431626083,0.051457914256
107,0.671484550606,0.860438915883,0.754668288951,0.134656512437,0.144483719377,0.00251652268033
39,0.0148938590432,0.126947581252,0.393944214633,0.18266787293
38,0.0202798412915,0.229104809101,0.379866165521,0.265816463703,0.0556528312857,0.186414076847,0.0283834543143
33,0.290300241321,0.160704060584,0.0868814592846,0.279888957401,0.0408234452918,0.408579904109
32,0.00168596833233,0.942286462625,0.126818305111,0.426742322212,0.327739944436
31,0.200437964705,0.77696286038,0.694608641748,0.0724390978428,0.242950985486,0.684161623567,0.0737871631406,0.282099155764,0.0689148411231
30,0.0103915234951,0.00428682496597,0.00769311748989,0.887751770186,0.660709982311,0.48891997163,0.835965616385,0.641463578164,0.933849869295,0.0017445861301
37,0.192428854036,0.35866574447,0.14562201415,0.0102878897335
108,0.083283127947,0.408033743704,0.00588352618366
35,0.112505296536,0.611022128815,0.0980295326566,0.478530834482,0.706164755011
34,0.241095683415,0.671406887243,0.218454766251,0.535255346848,0.0282644499885
383,0.18638340785,0.13001415903,0.521943781829,0.785567775589,0.0874484936623,0.0882136828262
438,0.858117989759,0.95842250924,0.34026657648,0.530694099865,0.750646402403,0.0110315780004,0.00774979998684,0.0273422288921,0.123231325999,0.165359557738
439,0.727374005495,0.0286627650876,0.238003186406,0.218322689376,0.2506687515,0.29164579651,0.736526217958
436,0.0772855684738,0.0397162865852,0.00725075076878,0.119864940915,0.605255276563,0.0862678326855,0.479110001345
437,0.585920168754,0.140569017011,0.0205652178705,0.272496256767
434,0.0947817924255,0.0332280601513,0.378597451835,0.168163010793,0.465514674856
435,0.0528016439873,0.797142964733,0.145500212991,0.725390238143,0.0011118485587,0.0635591032065,0.31965863284
432,0.808110459886,0.325075204615,0.337425515874,0.768362609478,0.226629862556,0.0321024503063,1.00000042589,0.99999893363,0.0642465771835
433,0.0685057184349,4.29889598005e-06,0.429927060228,0.59437450447,0.736372821284,0.265042388037,0.0471055897359
430,0.480710839704,0.353907806138,0.520768023553,0.011525458582,0.133200797769,0.262317582249,0.631313169848
431,0.0668853513913,0.59654855079,0.0701890645251,0.338977899432,0.035825386634,1.00000025718,0.849300405512
339,0.72242690549,0.155825551271,0.0425330759707,0.938199555152,0.0741262585895,0.11314131853,0.999827081719,0.317192883371,0.635781609292,0.107864373434,0.00295969156176,0.0080925093415
338,0.0598942295702,0.520335164295,0.15688950859
335,0.00741812013698,0.119050388969,0.0392669029586,0.599106137878,0.386785191415,0.146618727567,0.771670739711,0.477445850484,0.0691622121591,0.587783075133
334,0.870066276649,0.375476583792,0.999999510207,1.00000008292,0.338727352445,0.801285924775,1.0000007913,0.544660379864,0.0723402367084,0.628994685899,0.449871759226,0.809476649961,0.3336405806
337,0.0237430716547,0.392711117609,0.167886876678,0.999999378355,0.999999938603,0.238651922267,0.406922680704,0.843269134292,0.61012171427,1.00000032947,0.117447395436,0.0718162384538,0.617326602467,0.00119042110193
336,0.955668349269,0.271687279857,0.273628479051,0.006079367366,0.347102304862,0.610392165612,0.211038074104,0.42238894489
331,0.277599286157,0.254579896909,0.0436586940983,0.149969281362
330,0.931454014162,0.0355800836691,0.828553439697,0.508322603129,0.00990909478637,0.0918558431467,0.129644384581,0.6223437242
333,0.978876587213,0.0127447760041,0.80221446724,0.606114239778,0.950604392256,0.339060169151,0.38441974464,0.0272672761653
332,0.0690575094573,0.172762686388,0.104678598924,0.826301315643,0.94209940955,0.994814222721,0.445016509871,0.784637658966,0.225712473089,0.0068085822316,0.518318314147
60,0.176098910594,0.405752717553,0.957745037984,0.0402734488624,0.0340683681505,0.174339305404
61,0.0706068524576,0.84666825042,0.804787709389,0.0757870112417,0.844612390515,0.503580106668,0.894755593647,0.396948160008,0.0916507670103
62,0.207135786907,0.141113535416
259,5.45170770303e-05,0.938166082981,0.523316298552,0.00454547087606,0.681477119433,0.776222594117,0.000450529489113,0.638098331946,0.583508045727
66,0.0429442003029,0.000263512645706,2.82379039754e-05,0.0652371484542,0.61279835058,0.861037273026
67,0.000384624659784,0.00533700426643,0.778553375024,0.76430277424,0.174756984786,0.172035029804,0.984750575929,0.318681634514,0.364953014065,0.142598601964
252,0.332504375923,0.133320201426,0.444240048331,0.0416187806373,0.237044121309,0.101233819263,0.500431937269,0.315473630131,0.00959703485499,0.581305837274
69,0.194231780362,0.48323947405,0.0166177500961,0.32823204422,0.435326646056,0.526822078772,0.326620278675,0.999999541518,0.185668120489
250,0.908602406097,0.253654613806,0.895503229222,0.32665006019,0.0984769065251,0.124991498779
251,0.575859371146,0.179098485066,0.0727901318281,0.556418768356,0.0449891431087,0.174324111074,0.728348604967,0.984864619826,0.999999933221
256,0.925159972402,0.999999574311,0.440806345466,0.568682634346,0.3602324153,0.569938701458,0.535491993281,0.0444928261473,0.996853058995,0.0793077431141,0.993409566853
257,0.10201830375,0.00323356885306,0.31816471818,0.508616614609,0.999999779255,0.666470655876,0.2206278397,0.0240273005721,0.202718479824,0.158105951344
254,0.496662396544,0.999999864699,0.999999574311,0.123474347674,0.492075971745,0.022394784113,0.00493357379697,0.0275135230822,0.999884209421,0.0625220658309,0.596477034164,0.982996180202,0.0766839197812,0.389742464032,0.632259540676
255,0.277844660671,0.503591457282,0.00481753724876,0.0230506157805,0.800940419165,0.168784147151,0.000856296902059,0.0239433157725
289,0.339385212269,0.517663244484,0.0393962254383,0.580372693338,0.744723610603,0.146484694916,0.999999838371,0.999999863799,0.550611628583,1.00000037195,0.662878576646,0.0629866496355,0.171738190666
288,0.592243307551,0.28900574343,0.44516348227,0.472689421208,0.273701120848,0.0018887966587,0.788338067672,0.0119531993936,0.00066086968633
508,0.681392964378,0.0256099879878,0.817853352802,0.00294309267005,0.48790115231,0.823116620333,0.0899217163826,0.424632096299
6,0.0798295113044,0.842587880822,0.219185063415,0.0946187937171
506,0.154064804565,0.941231359259,0.115768293701,0.865519622462,0.406100180382,0.922744142467,0.236612801676,0.00497602361885,0.284542149627
507,0.714752673801,0.622025337115,0.863615986245,0.00784355449027,0.0029952788774,0.000118219609041,0.644641422286,0.815506621352,0.00605299672847
504,0.439051162605,0.0580086222945,0.879876551459,0.0135215789916,0.41942444232,0.179445505548,0.0946853694254,0.01001087403,0.179946552262,0.700754182621
505,0.153956948861,0.216752027096,0.625762075527,0.133026300867,0.0485963479799,0.165195313903
502,0.012645988596,0.037077839202,0.407867275077,0.316847979406,0.339959328359,0.896503430677,0.68786259058,0.636845146988
503,0.258232796837,0.999739111168,0.817442646992,0.425006053241,0.0181758878332,0.112981578846,0.439723465418,0.162469301669,0.998910253629,0.0280562577843,0.49928352615
500,0.339336465555,0.890912797278,0.666081272749,0.0307956279532,0.986886192246,0.405822473237,0.0138501060894,0.778734554933,0.0250568601852,0.0256841112154
501,0.218259930037,0.100067047533,0.581659348735,0.114947014794,0.279098882237,0.769067911388,0.089334272992,0.398736899031,0.50823580086,0.457968729985
469,0.120984649016,0.183779168512,0.00273740296338,0.530964296854,0.0998761004076,0.644193869649,0.233648491736
468,0.0905197939897,0.123972996413,0.999999098658,0.464862547866,0.441492932728,0.997963413506,0.100702904193,0.00907405949844,0.279557911707,0.00292775998967
465,0.0349528678406,0.00466688360064,0.00427363825131,0.68757116258,0.00677580639656,0.999999255952,0.264633150661,0.922261063976,0.306021288698
464,0.0425411834619,0.945051289091,0.0437983721452,0.237889912876,0.0860033511594,0.946862536711,0.196868441411,0.757570587868,0.168714431327
467,0.00675754082856,0.696324866802,0.05190009434,0.00044278410141,0.514063393309,0.317020311581,0.39744384936,3.49300840901e-06
466,0.509189457999,0.0605793238266,0.00750499772488,0.194045353955,0.916005389053,0.341980551462,0.096707756533,0.247240212956,0.607415651007
461,0.748930081138,0.539011543725,0.100423407884,0.21561598844,0.0709706380361,0.277737145562,0.180356405272,0.331887467258,0.239702976678,0.973601315548,0.920400564443,1.00000007162,0.0755674669239
460,0.117311547257,0.0255363604645,0.786007110977,0.770631130321,0.510234630594,0.843555725266,0.466239462705,0.225846114944
463,0.406160027956,0.702861337114,0.440375400618,0.7189768088,0.400504981538,0.0213369741058,0.372765350537,0.586298944978,0.587689298532
462,0.326082475392,0.172143349007,0.245272306053,0.536110743383,0.523641487257,0.295653190958
99,1.00000054163,0.309954654126,0.457458904164,1.00000022679,0.208222540391,0.235510557129,0.244860248532
98,0.0681736713322,0.541203937639,0.000133651942302,0.00529627118808
168,0.00393595912565,0.0569274338517,0.940151660807,0.870122211226,8.70892193699e-05,0.0167985477373
169,0.0356482948039,0.110742549287,0.401579891684,0.189377774121,0.0805819099307
164,0.2937828174,0.122791804012,0.380417828145,0.0692264065661,0.136037907551
90,0.0141051580541,0.0349996342338,0.324568436841,0.558291746269
166,0.591825438963,0.210572258518,0.792123547285,0.529347210413
167,0.0755862309258,0.379224847875,0.000147570977091,0.188189450499,0.999999217159,0.0767040011198
160,0.241294608956,0.404076710553,0.000139866946499,0.300922058202,0.0183673157494,0.27317272207,0.983300010221,0.452140277957,0.440500768793
94,0.304644854418,0.893543632641,0.299009545548,0.358601795429,0.223320109167,0.0142767779849,0.958553965394,0.292383846178
97,0.276112774378,0.189481941858,0.0656302620248
96,0.182005322011,0.182707427398,0.155195362853,0.000139202237881,0.579675236309,0.767022221165
287,0.441327797667,0.331852754133,0.194529089601,0.0184420569493,0.101285000303
286,0.0602898090994,0.657924487741,0.241347154324,0.0202735840578,0.158565288304
41,0.134713866368,0.672884158047,0.00398718753056,0.0102454018722,0.709496205089,0.49149250013,0.999999965972,0.999999881083
36,0.74780907763,0.136226602863,0.0713250018924,0.211113964557,0.0395044838749,0.0584143960629
238,9.50426356702e-05,0.74105257812,0.146220773068,0.00123852486054,0.539316399178,0.351762004327,0.688505716472,0.0112327604737,0.694277469301,0.005269608093,0.988031166876
239,0.999999978468,0.72555834141,0.165898564442,0.400700896237,0.0224712438999,0.00401740489501,0.0204823004187,0.362178050157,0.320027736615,0.103854517462,0.649100520883,0.788598041414
234,0.71342853713,0.443014565005,0.573926191863,0.313311078858,0.174684922775,0.72985096622,0.189938234731,0.428983546674
236,0.970833142659,0.598993153063,0.751714314914,0.826101948321,0.940372133006,0.536006474949,0.424702231832,0.00273388150811,6.69860507427e-05,0.00398452247586
237,0.803101327087,0.00490383840697,0.413352247553,0.347053512891,0.58287969421
230,0.949530985399,0.333649675156,0.335505545652,0.273311179996,0.940242720341,0.414081076603,0.120273687634
231,0.00144850361818,0.840426104253,0.99999994276,0.098366581636,0.957681701031,0.354355573043,0.759099319219,0.721936923395,0.0172904686108,0.140595441431
232,1.00000007412,0.314099161113,0.0216189733514,0.289608132189,1.00000019092,0.000762898025226,0.999998325451,0.987359773802,0.0437104128815,0.382719674181,0.819114764678,0.0174935575904,0.0396341026712,0.279484824938
233,0.0513296760583,0.0818225261286,0.0288383323808,0.478166893138,0.622570917363
114,0.0104152030358,0.643881535614,0.964764717016,0.120240445484,0.325416101249,0.804031789121,0.663163142542,0.232448786788,0.00190656214961,0.000136312855505
9,0.597186316437,0.0487528379894,0.0957005168567,0.455335537952,0.0314608772473
146,0.000270003878545,0.000448300278125,0.298310731674,0.307310754805,0.790492258955,0.35554246128
147,0.24100402958,0.0119019045197,0.40659529092,0.932458744519,0.223812535249
144,0.874773664074,0.74832588326,0.520627434215,0.916021909097,0.000286557611701,0.0284660534272
145,0.496529361739,0.595399211604,0.271222022159,1.00000081063,0.100928737259,0.160833982636,0.484346914541,0.631662224988,1.00000118441,0.999999973274,0.00253510596007,0.915129113313,1.00000003038,1.00000013543
142,1.96069901517e-05,0.540942611552,0.0638093132956,0.0664259537299,0.999999905588,0.536747249208,0.463644380332,1.00000054163,0.683722315847,0.581208358157
143,0.927586679554,0.581752026778,0.917928101831,0.207883037811,0.95858518845,0.964425149122,0.00201698829693,0.01888411145
140,0.190041869151,0.745211658535,0.682652264522,0.508344694496,0.999999378355,0.333869511362,1.00000001804,0.303622652751,0.998996154192,1.00000003968,0.825644954267,0.472665825091,0.153813537317,0.0118459107886,0.0150920682604,0.0289308425729,0.251739738651,2.92149543225e-06,0.437285017204
141,0.0187745357589,0.0561377979173,0.690649356305,0.400643071979,0.999999838371,0.716601858983,1.0000001293,0.375892869566,0.0844356546216,0.0332871698
148,0.0644499189307,0.000254124680099,0.886722391944,0.0799256465057,0.364681079503
149,0.00149564234658,0.00323478525546,0.568566167547,9.43235363099e-06,0.905020640193,0.487477010708,0.371931877501
154,0.687866177759,0.692941520645,1.6059275018e-06,0.529478260466,0.693829598009,0.819632663083,0.444646279018,0.000226112449965
356,0.0651405721345,0.0423013959356,0.98666612415,0.297533491797,0.626294246584,0.0314253217189,0.0337747247497,0.792491944382,0.2807507662,0.732290962199
355,0.996343972726,0.538241805698,0.06272589936,0.0896367639763,0.950575256132,0.178735706003
354,0.698390838166,0.99999985687,0.999999209317,0.950908350959,0.0975374698276,0.171216341894,0.246125255023,0.400829820852
353,0.0542985928273,5.24863811733e-05,0.587076323989,0.366545459406,1.00000016401,0.923907347917,0.0268222838001,0.845490533885,0.00861623572142,0.0884829474257
352,0.914801472395,0.801387862042,0.203937830712,0.0375777063622,0.198504977854,0.434692841315
351,0.841932184723,0.0126780315377,0.667726867292,0.0342607968461,0.14947772909,0.15183610415,0.338150282048,0.564466356015,0.255083184093
350,0.015203253493,0.0266877215192,0.180172566932,0.851086426157,0.76890268415,0.804037225081,0.118930268612,0.95761789515,0.0870758735245
359,0.000731061038492,0.791184667504,0.236079573659,0.568224685848,0.163362178664,0.0520130869504
216,0.137393861023,0.00155477779605,0.291113955523,0.10035040568,0.737727618663,0.764531183107
217,0.350982251732,0.200150230678,0.0255561763344,0.28972818871,0.187668898152
214,0.926960526728,0.360016213802,0.704194851117,0.669175436375,0.0754613945594,0.0501828525724,0.000287303417341
215,0.272726233455,0.547198841727,0.0235287873455,0.211917321264,0.15037039076
212,0.515070938379,0.00589516892296,0.782993099894,0.427102093442,0.00912432574014,0.256214048965,0.00750611579185
213,0.786381513091,0.506891823486,0.507683875394,0.318691709729,0.38024852132,0.00164376428462,0.395817860141,7.64207619369e-05
210,0.000264544737684,0.736513737203,0.301641804523,0.223859561568,0.00266712655268,0.339642160059,0.875481109881,0.695956790189,0.625184203214,0.934991444363
211,0.165545303235,0.889697713536,0.0534021009777,0.319758642693,0.755748097267,0.434890102348,0.0149954685518,0.999999960668,0.207086082622,0.097205734953,0.921001457413,0.814921739427
218,0.0440307892183,0.0398267938847,0.170002975436,0.760584772668,0.0163647644921
219,0.0674079130201,1.00000001077,0.300829325908,0.301222935046,0.534356511778,0.972484669968,0.485874783097
133,0.031974203118,0.0720749467865,0.969466407934,0.100352399143,0.0177839694236,0.057185661758,0.39251543718,0.00798629182209
132,0.915504376586,0.196699104092,0.000102833901383,0.0912177435417,0.803269376873
131,0.718649600513,0.00578027649154,0.637083932591,0.0196142461833,0.613348298048,0.702682419153,0.402936257303
130,0.800793260927,0.675663950225,0.254665170722,0.234592439582,0.490974754633,0.0283719603789,0.928728233107
498,0.386103517667,0.0533948193424,0.317071866876,2.60436351946e-05,0.625593256367,0.00733414677135,0.612474163672
499,0.518753825215,0.0102297321022,0.55560190659,0.199028238269,0.0448366325086,1.00000011347,0.502711390252,0.941842931155,0.0459627442861,0.152195695194
135,0.566272611843,0.502219489411,0.562488556742,0.000715942756632,0.0512581855705
134,0.146870347416,0.27741880597,0.0138223611632,0.0596760289578,0.565309029442,0.400837075511
494,0.537663610255,0.144397736879,0.0907681265508,0.100099253515,0.176353811054,0.129299986877,0.0885259925633,0.547726929683,0.131011868787
495,0.495400121107,0.417881037662,0.000174600671454,0.335620979177,0.613118199238,0.406458108264,0.713505013402
496,0.0755525414968,0.00559068457615,0.306051365608,0.171921394124,0.329380493696,0.00242014025938,0.842267391847,0.71474051631
138,0.351283901724,1.00000017084,0.429446532608,0.230613382836,0.00802704921214,0.540602778883,0.620249078378,0.0520753484416,0.13056829766
490,0.568113412287,0.332420998993,0.0110646193613,0.189457054012,1.00000014551,0.0927834589861,0.200340631547,0.0877660267694
491,0.164104813314,0.105706761225,0.35863218901,0.204777611121
492,0.716013548498,3.33642982751e-06,0.700704713065,0.000649351120523,0.0164703394034,0.750143401369,0.977195175978,0.742761017259
493,0.0540311534331,0.046557324526,0.00156421541698,0.199895406808,0.847665893814,0.893778331183
24,0.619830998804,0.048422354813,0.487562481701,0.148395777267,0.1568424404,0.0250833314076,0.325268189378,0.514593136208,0.0537434262126,0.556406570436,1.00000026755,0.999999732335
25,0.702964073613,0.988355517749,0.161934015354,0.0405057136458,0.425041237992,0.104337188875,0.229078247358,0.727156545969,0.260200895775,1.00000118441,0.280287854474,1.00000081063,0.55943347694,1.00000003038,1.00000013543
26,0.00999438234935,0.00790130348474,0.226107387326,0.547093255242,0.303761398292,0.153380851308,0.62857542666,1.00000022679,0.593264145314,0.132243524878,1.00000054163
27,0.613044766997,0.782845500513,0.338652924059,0.128725571402,0.254690595765,0.103125251571,0.834569495789
20,0.171702149592,0.00670188151275,0.813728079137,0.0267996404587,0.266869218117
21,0.0191694067175,0.226553609345,0.142954937265,0.383872726753,0.0912351022059,0.757648897208
22,0.290315209416,0.0583336249168,0.0111455861169,0.632631679235,0.601364075232,0.0302289256659
23,0.674702428251,0.0203541260381,0.0137983478996,0.870934170194,0.170616716901,0.977981509318,0.0072639096971,0.134015854223,0.807543531493,0.850370695329,0.0282279153848
28,0.000382774622792,0.00132744485194,0.828020371435,0.868744466603,0.325356468116,0.0220720289811,0.976487195923,0.64293661428
29,0.224993536689,0.109991268305,0.970531885841,0.413244793503,0.843029276619
407,0.571342605118,0.766931674588,0.277270407337,0.0694665281207,0.119814735064,0.467524310951
406,0.349184946623,0.875577617393,0.464292341318,0.0395258389268,0.505157112635,0.00885327687529,0.365638140425
403,0.000132829202548,0.862392334032,0.236971615328,0.0374751147548
402,0.303202036884,0.309622308045,0.374030573312,0.45126448819,0.291882974267
401,0.0214621429619,0.549475007819,0.866269332767,0.525081148542,0.25646578269
400,0.292717606115,0.00387082415381,0.219355091428,0.14388036766,0.0513683528855,0.00154167010794,0.84550732358
281,0.00793679288328,0.182405850605,0.532293305083,0.865866331193,5.12123327384e-05,0.312253771193
280,0.780598314259,0.808153381437,0.999999931037,0.647797990604,0.000330661460827,0.0862145795045,0.126620486662,0.00975692800393,0.155065840685,0.000199994042294
283,0.697600128437,0.290546133605,0.0150085599019
282,0.255434936786,0.150650305006,0.0116272039999,0.0375071482
285,0.910954626049,0.298779581813,0.91558949806,0.294365281923,0.118954592565
284,0.0257219736015,0.0299721074735,0.562436339811,0.0131798407382,0.0294465283816
409,0.28242733556,0.374703849655,0.316944891924,0.137718490692
408,0.224493263778,0.0653567673343,0.434287065466,0.0413557996966,0.329056903093
263,0.000693313715322,0.00141771516685,0.151116756383,0.176089851459,0.211235680425,0.999799691777,0.295377294688
262,0.000459329408166,2.55005313452e-05,0.799594835928,0.301016363782,0.487488146486,0.541026107479,0.80692671985
261,0.541311724086,0.109669225663,0.23516455846,0.200057166456,0.00563442971892
260,1.00000007356,0.408331035879,0.552669762682,0.924772327712,0.213185967389,1.00000017079,0.390502858938,0.0229631949848,0.246245069061,0.162027989933,0.135694227113
267,0.0341994663595,0.404769293635,0.924971910613,0.366943946932,0.302848835937
265,0.31547819907,0.272286020006,0.326056232367,0.431778119622,0.412725795891,0.0225136749486
264,0.194371128632,0.104092971471,0.00165034675616,0.878968279276,0.818242065449,0.158691492566
268,0.0116345815944,0.435203787665,0.66235296904,0.456498309241,1.0000000931,0.396208315398
59,0.28276655404,0.241959651931,0.128803268251,4.31713478155e-05,0.987394721903,0.124781283026,0.134974840045,0.232429723493
58,0.039869178388,0.00123181286256,0.439858798526,0.425062552778,0.161816452652,0.00495720928624
55,0.321437374812,0.154205428637,0.158246101736,0.000236921014237,0.105789163136
54,0.186002791366,0.338285173552,0.020901911743,0.494417690983,0.118861747804
57,0.28809044203
56,0.284052118734,0.0386242927477,0.0782762135264,0.0521239145099,0.0122626884621,0.676332876986,0.0677766932842
51,0.531395476762,0.0434488833927,0.00593170975176,0.0345985659806,0.0281107148352
258,0.00261615540422,0.417047315076,0.514045645778,0.193687215614,0.0830001057633,0.00507233703473,0.0392701546789,0.0141937656812
53,0.177144468377,0.00234056554022,0.613500670981,0.000948827142118,0.999999938603,0.459747377309,0.116498021054,0.436014011226,0.375650532914,0.0458946892929
52,0.0266712265541,0.0197266678486,0.0294236855348,0.175164627015,0.993551377722,0.293468127428,0.318889246297
378,0.0152110871724,0.749638155454,0.349252473658,0.329842713628
370,0.204016394746,0.084781337913,0.172765827187
373,0.0491688498146,0.583899512284,0.160710601785,0.350969056084
372,0.364808187859,0.269412770504,0.0877439363999,0.309730363446
375,0.228172199171,0.13563891219,0.419790013878
374,0.000280573354222,0.0204334003946,0.54730436033,0.95891692644,0.0394491662467,0.842355273034,0.443687456647,0.130893333452,0.135590764507
377,0.805345156695,0.584881088708,0.62064499757,0.835312935962
376,0.453895938968,0.185358945748,0.590449451534,0.0469036266008,0.0681892402656,0.0469021365314
303,0.437225385328,0.68138300188,0.116822838565,0.393755558693,0.0919810920027,0.0338208206355,0.4684198273,0.946012341731,0.999999123621,0.145863244682,1.00000004551,0.242353192387,0.411294710896,1.00000004671,0.0125101919223
50,0.543505794974,0.150534834409,0.052859038388,0.0735604019048,0.647356296786,0.820004217567
393,0.209996535441,0.161492386721,0.890748352701,0.946758141873,0.0819789105519,0.409833783702,0.179889568794,0.00793755764345
392,0.157879821084,0.207424025417,0.00243010607555,0.0878930983858,0.962400392876,0.688011917161
88,0.340111349453,0.326043577992,0.168587547227,0.0392847252293
89,0.619227049878,0.0641058910508,4.16755541462e-05,0.00187104288979,0.0747583561896,0.997370964688,0.10468774113,0.0155322212034,0.352465505719
397,0.0531613155797,0.563905687185,0.425609040766,0.00161216528999,0.657626775089,0.783514834647,0.46611447914,0.171911425802
396,0.0122334198863,0.247496336717,0.630344480212,0.714030312507,0.467053559201,0.413547288431,0.351981734941,0.00554597212406
395,0.274965178494,0.000698415468008,0.00215002329466,0.342671587093,0.496131845515,0.153037512872,0.468586409778,0.255407957201
394,0.164865718157,0.00337777687715,0.0110486841984,0.00593492927402,0.00162990207652,0.755280980244,0.945921803198,0.999999965972,0.63718796571
181,0.25865930221,0.192246650195,0.912143640235,0.026242440408,0.797621379262,0.0274270141748,0.14655308765,0.00642612998641
80,0.073078502486,0.174826879361,0.658554908734,0.116405439246,0.471090102372
81,0.404109622535,0.0030296276803,0.0164147225059,0.0374018579364,0.00650691867667,0.217407978442,0.173322305601
86,0.0337494290698,0.144970363597,0.0841000332426,0.0337314370926,0.642621883318,0.60904796629,0.0143593585335,0.989800159098,0.125098977469,0.0500394205659,0.0790678871083
87,0.00064324641928,0.230567843291,0.0161693161303,0.95982705419,0.716172889537,0.0328543406523,0.304326578744,0.0331610446129,0.419123685826,0.914392367823,0.000117395149667,0.0802640241916
84,0.0958861173957,0.405902533112,0.0301694135559,0.0414052863889,0.267707822551,0.0646438679151,0.174709431897
85,0.986775362594,0.558984830578,1.00000107885,0.00474345058948,0.034257553178,0.075608400286,0.0809385198581,1.00000081063,0.468901741214,1.00000003038,0.976328747656,0.791271980472,0.400734035982,0.993777509322,0.033836849963,0.856041640435,0.530590529741
429,0.163579224888,0.999999965657,0.106669384359,0.053763454274,0.468746173218,0.138814046217,0.0780314615136,0.900799182427,0.00430868184094
428,0.470571836409,0.00016266333302,0.131611061772,0.102599489358,0.00653398371793,0.00087502605741,0.460463312234
7,1.00000079287,0.23668098212,0.181416418773,0.275093693164,0.998870688831
421,0.693919758486,0.287523203089,0.216609527209
420,0.472299821574,0.282856799587,0.693911669717,0.384395104536,0.000143312735871
423,0.145516960592,0.0894286481337,0.00526832309109,0.561226308511
422,0.172472914571,1.34134859728e-05,0.245717572613
425,0.430953420627,0.208990005375,0.947763374241,0.0928695083655,0.0582849395989
424,0.076008300991,0.00239425965674,0.520580460271,0.928122779285,0.414213418424
427,0.779163257271,0.604027647542,0.524430578304,0.159589619111,0.983243146957,0.149264824558,0.00685446209563
426,0.220669474279,0.0013280418571,0.673482256029,0.6431883249
308,0.855492143371,0.941010007051,0.566883677128,0.000178969940727,0.682760107111,0.295305987539,0.0225373941368,0.11484956543,0.0907285362015
309,0.30769145593,0.472571736457,0.00436906819549,0.693335986204,0.812866709963,0.051395865754,0.999921096031,0.593472324617
412,0.00785040157805,0.45642985683,0.162226082017,0.397524178744,0.0117375146374,0.0680584973803
300,0.894092459431,0.0350004712978,0.995660369252,0.814661025621,0.999999705746,0.956075802925,0.936584602673,0.896730052307,0.00461200133227,0.7440250249,0.853742821352,0.191756661717,0.164099780613,0.0181100103226,1.00000032262,0.466861853846,0.177912236236,0.160807586983
301,1.00000006333,0.425164493974,1.00000002011,0.992057499658,0.0988878048584,0.980497397634,0.334093316606,0.205646576426,0.604375825996,0.179124422677,0.99999992102,0.749047540757,0.140494208871,0.867708664643,0.0090070177405,0.111341804885,0.745023161063,0.110033596134
302,0.0228861804756,0.775199043306,0.00677605168338,0.775136803112,0.791210754587,0.787913462178,0.0133052315461,0.00609962687378,0.71059326321
413,0.000472291480496,0.00650276591569,0.528370745021,0.615009924111,0.0685779039706,0.845839832827
304,1.00000007412,0.557400525951,0.140542296382,0.535825032891,1.00000019092,0.975945214207,0.033295812289,0.764386927764,0.266971170049,0.592534687124,0.529920566892,0.0262752422095
305,0.754786409408,0.00307569959804,0.228954963739,0.448047922408,0.0067720147007,0.838530124647,0.00915800835883,0.00534044057566,0.450940315096,0.305745676699
306,0.727578927051,0.99999994276,0.934787659018,0.0330281414917,0.455490332048,0.0270429778199,0.856566282627,0.311206389343
307,0.334379031005,0.689695688126,0.071210620865
245,0.133289388879,0.422875921268,0.0643496230069,0.0322511371127,0.978899919279,0.297683364518,2.74262257945e-05,0.795389152444,0.999999480539,0.00221925476893,0.884516456324,0.667844925406
244,0.218757906549,0.619903957956,0.662612977992,0.033819386882,0.860459353588,0.642668073434,1.08493898654e-05,0.00017651092904
247,0.0522311448316,0.00626285255628,0.80802691637,0.0169620148094,0.407411033869,0.501412480566
246,0.261147794877,0.276557438882,0.927829858507,0.218854018937,0.292399984299,0.470561928123,0.727562337617,0.748537730716
241,0.00730334753134,0.303493870606,0.479642345167
240,0.0411032688099,0.00987534475947,0.044574453929,0.236422860152,0.0025719328911,0.7647355015,0.0564810975607,0.859720758803,0.762766674965,0.999895293771,0.982071268384,0.114952760386
243,0.0244534502044,0.958954014141,0.850173922314,9.02987874872e-05,0.706582640052,0.00664270300393,0.261676743424,0.389691497949
297,0.322794801708,0.911761344307,0.647956481865,0.11176801893,0.962069522258,0.000423530705254,0.159726820508,0.403327631123,0.400559904273
249,0.262726495193,0.291232519644
248,0.126865983463,0.91129808911,0.734726147408,0.140932458811,0.0390319037836,0.00127305198727,0.517033305312
418,0.999998117078,0.569311764884,0.0393900778273,0.852450258594,0.645037179216,0.830045400616,0.433692358062,0.0495144571443,0.0356514899908
224,0.568877374386,0.872157137769,0.943517248651,0.693889209306,0.0213344417198,0.0171159552071
419,1.00000046409,0.834373177412,0.21203830197,0.0186880881883,0.349969660713,0.846785215684,0.0161096462812,0.109681057285,0.660767493562,0.79154087094
391,0.179804595334,0.937888556492,0.834069432303,0.137451984956,0.00466733346006,0.0140250604307,0.86989600859,0.815632610206,0.0118424434575,0.07952449669
162,0.661967095749,7.57835913209e-05,0.000310434432538,0.785125834019,0.00594214603831,0.772361741735,0.712609038611
511,0.97558737313,0.269693949322,0.877553613953,0.68804650925,0.197464398354,0.0215614626138,0.293306459177
510,0.00197830803316,0.855710211788,0.057163493257,0.09666061009,0.913691732311,0.0782233130536,0.171679968083
291,0.685915269732,0.0378933616441,0.1948455779,0.161119843029,0.999999887837,0.899720459543,0.620580735139,0.984380078008,0.734618696772,0.398867105838,0.00033828879678,0.115569709518,0.0989624213259,0.987545160147
458,0.251834983487,0.945371744133,0.00184657464186,0.489225566967,0.959510334243,0.527924508196,0.999999983835,0.00303462375582,0.422281671152,0.383833694981,0.0522752029676,0.960631869468,1.00000024858,0.221066730253
459,0.513382918802,0.335056334396,0.374879168674,0.466244637606,0.943221753197,0.999999940507,0.206432197821,0.000760702577778,0.112995295135
489,0.331107985052,0.93047813264,0.149415790691,0.410947119567,0.248613643076,0.264500724222,0.0694939685728
450,0.0228058543791,0.672056426329,0.0507450589901,0.962256451408,0.140980562039,0.267398919028,0.0542947577174,0.408728532908,0.494306843879
451,0.00928962130339,0.811565920743,0.776306367359,0.0955949246431,0.0752771359966,0.0861588950732,0.92715771026,0.999999856549
452,0.000304069297757,0.720758170011,0.698269411376,0.359939498422,0.352925862519,0.972030704482,0.00290885048934
453,0.0129812612451,0.12812607475,0.992312062158,0.240285893779,0.802734615671,0.566184376682,0.289981820579,0.312779574775
454,0.999999927178,0.579144632957,0.0117108528642,0.0551318116089,0.40389643176,0.624920233225,0.803945363147,0.584281624808,0.999999876762,0.788361020106,0.0244870301585,0.999999991884
455,0.0104250801525,0.00590472073763,3.72194810462e-06,0.58176641451,0.932723296381,0.859619854137,0.488888398294,0.0813200990926
456,0.782647259575,0.00905666428902,0.117627083491,0.983273813184,0.173718597889,0.0757172192497
457,0.649530915162,0.0207124771118,0.606495163658,0.000118744056724,0.00173775323985,0.730240696481,0.871550028259,0.027474285479,0.00366091605507
179,0.488084284082,0.0166249140147,1.00000032968,0.514937716116,0.125721719553,0.300579693989,0.149846178134,0.825944888394,0.117681793574
178,0.935468669852,0.212659182589,0.489021495081,0.0341290783489,0.19323459401
177,0.270906940522,0.260120499749
176,0.0836216050394,1.00000004655,0.479122696021,0.414237739313,0.58368730077,0.410361895808,0.512262092527,0.01612694154,0.739983186038,0.999999905478,0.535618163213,0.999999997996,0.999999953755,0.273569220863,0.306858836124,0.999999982941,0.999999999386,0.167028737499,0.92181888908,0.232363295404,0.0887391892289,0.288021140899
175,0.194209050195,0.0338542830708,0.0722024811822,0.999911281504,0.539425842356,0.426420383496,0.284419078768
174,0.108239694352,0.140456552417,0.128927731617,0.999999807041,0.676966235234,0.681905728398
173,0.0854234326032,0.523240775075,0.97455868514,0.333588328132,0.0938238827504,0.0213435960755,0.488984102748,1.00000118441,0.782553149672,0.99968371348,0.965662790666,1.00000003038,1.00000013543
172,0.927077971652,0.999999755979,1.00000107885,0.0113494832089,0.999999905478,0.0698193285974,0.87738889544,0.792050848881,0.203272163113,0.776763833519,0.512457706022,0.00765855801742,0.956508404537,0.819256000918,0.189759163967,0.0931203718525,0.394328475391,0.999999970715,0.999999325769,0.999999511624,0.0354342073985
171,0.732039028973,0.261341684201,0.999999953969,0.235563962131,0.306221664947,0.108734176765,0.013695300291
170,0.0789105220154,0.00616476720438,0.636366001631,0.276556340916,0.0684851257465
390,0.00208642124625,0.447553973568,0.014793377741,0.391874997307,0.210889676414,0.00265306518911
183,0.719486203117,0.00852049598179,0.798180150935,0.814948231029,0.733160822137
253,0.497849098884,0.00149721269578,0.320382116071,0.0245422846538,0.0230668433622,0.336699026316,0.060197171521,0.723299673958,0.139057020657,0.972837664159,0.0124301891209,0.0683422710104,1.00000000017,0.835947320482
182,0.893440291168,0.247472361759,0.0571331895583,0.000548944205196,0.999999997996,0.989582879306,0.843905375003,0.0862606905532,0.368590065981,0.999999982941,0.999999999386,0.416710308597,0.171830444695,0.188252412355,0.815854483757,0.187939328404
195,0.423651514068,0.327855391976,0.884291033111,0.0161460174462,0.607084249863
180,0.999999824187,0.999999998811,0.999999755979,0.0279312264716,1.00000010456,1.00000019435,0.999999998554,0.41266326426,0.0424717384878,0.369275805061,0.888768824089,0.951835715426,0.045502641509,0.0816640994822,0.90235697378,0.0234605405384,0.0958706544588
2,0.00455456046693,0.961517613729,0.347209562676,0.186806151397,0.227726920526,0.513317264282
186,0.0325626419292,0.0236003178551,0.159355713384,0.542721887113,0.601035622849,0.992392850668,0.999999942883
184,0.100596030822,0.44541018429,0.0355536449109,0.353376659393,0.120984315698,0.927388068599
194,0.0921678623378,0.0353107419314,0.348721829005,0.0382922918727,0.56343755723,0.876565791877,0.00226936148334,0.127905441435
188,0.621951091115,0.0882446688896,0.051739913181,0.0931102694038,0.928332243198,0.195886595305,0.387579206901,0.0210908033535
311,7.9692712463e-05,0.576696704277,0.209484939839,0.671677377807,0.0141456202831,0.9996246609,0.564954400765,0.833037847049,0.693158728382
310,0.00542822482731,0.259325362383,0.432169182253,0.378437618881,0.960178652133,0.172198682388,0.0503580367124
317,0.559526191045,0.0304673104651,0.0162935897722,0.0373620353784,0.017257309335
185,0.0802204905118,0.277588356333,0.504252188232,0.0480287137289,0.954390017363,0.106048301397,0.833582509217,0.5558500505,0.0781100356639
242,0.229109677834,0.936830230271,0.270654615345,0.519941590028,0.458365057647,0.258651960599,0.0268887998122,0.312130461517,0.172579913038,0.999999871783
316,0.151558958413,0.124399112702,0.25616501665,0.873567666146,0.866889459822,0.495232720265,0.512584117493,0.190296726907,0.181099715297,0.323179620847
315,0.197196235487,0.339789917366,0.0671981756078,0.215924971444,0.0045871553215,0.0377263384747
229,0.00896217002251,0.856245429082,0.708006447929,0.668831124012,0.0282208527613,0.813220963055,0.0137131889311
228,0.941850422396,0.130535090232,0.11634414597,0.520393526436,0.828029105314,0.948466980812,0.470076059686,0.00582698537831
227,0.065880488742,0.473701911615,0.000889118065148,0.500200096017,0.995649441485,0.267360492848,0.316497589353,0.916159556212
226,0.000639348364768,0.618051853903,0.718852157393,0.000957770641508,0.403208659388,0.772562835002,0.414933745114,0.652485537843,0.518605870487
225,0.879087805981,0.0671577636821,0.0182302637902,0.10685976194,0.2498328316,0.285756546221,0.69453129745,0.610959353884
314,0.0811333506664,0.546995505267,0.8925679713,0.830079735722,0.843509300174
223,0.00766240665495,0.900013674069,0.238481694715,0.0072801439693,0.0867716093251,0.453877408563,0.157507060672
222,0.697272865369,0.000622466514712,0.118761226132,0.38298128166,0.52805387068,0.958177903623,0.948767813105,0.0819370466659,0.157338993851
220,0.547135635907,0.576310911116,1.00000029977,1.00000173779,0.46576978922,0.196629387978,0.937527421714,0.444862872791,0.0254481172169,0.436218242317,0.999999057029,0.760715714105,0.999999791367,0.987285084363,1.00000012653,0.0816357216124,0.132946612
11,0.0510749969475,0.17675896926,0.435750544207,0.268981930054,0.79797880091,0.0440455374335,0.716994479993,0.968413496157,0.0670039205371,0.941929982375,0.117180819151
115,0.0302512541505,0.824040267999,0.999999927168,0.761507360898,7.09334249056e-05,0.00866920362869,0.000797960966125,0.0450697506465,0.544202432393,0.63120771018,0.923143758222
13,0.575135348881,0.97485998219,0.00540920858546,0.128515511944,0.827624758412,0.0200037266631,0.74108841778,0.737754089938,0.0455322310853,0.0687932089502,0.112765515739
12,0.56309358408,0.931457925933,0.18704689338,0.380878091356,0.000969264654698,0.602551402419,0.662760676535,0.242597928521
15,0.200082431603,0.00391092615266,0.233134923081,0.392371614626,0.564026974729,0.626408705515,0.167716066167,0.749608695532
14,0.233136039073,0.0533740719209,0.746178053054,0.649626895585,0.346069711814,0.0259808019186,0.222778672005
17,0.806581598037,0.0104996521897,0.000785870090049,0.138213852455,0.96779515112,0.531489066272,0.915081485088,0.466153528557,0.419048850128
16,0.416608802385,0.039169768395,0.85932454904,0.699693926667,0.999999658444,0.2476246272,0.505078772006,0.00466597925585,9.47168439692e-06
19,0.138629290636,0.162934278731,0.790480933661,0.787270972515,0.969103396762,0.0260361127409,0.109721543321,0.11065156833
18,0.0899887164348,0.329897054131,0.126689282278,0.247389140941,0.0533452201335,0.451886461842
117,0.997448472162,0.462871036327,0.196724241429,0.627633682151,0.832910708135,0.00992399847694,0.1831084148,0.150189589265,0.105676472253,0.632493542356
116,0.205917557256,0.0653839138982,0.280832255456,0.171374838762,0.0791055234574,0.882795480157,8.53195427882e-05,0.331336498025,0.425121938367,0.985578559626
111,0.820995647758,0.22639769498,0.716416989957,0.0669115151601,0.0208761616687,0.359497586148
388,0.0935119093203,0.618543635574,0.547223271811,0.0457832949236,0.602328476656
110,0.101865514179,7.98627808173e-06,0.504688279596,0.843056381349,0.517306750998,0.114496817106,0.0454944595155,1.00000032947,0.553618954357,0.756735678027,0.151811937893,0.99999988003
150,0.193079382394,0.368847179435,0.00724736774779,0.512666360907
153,0.0233291782735,0.620638275832,0.78649506382,0.878297629252,0.858002216817,0.0512001839345,0.59706907048,0.770924579164,0.0024931784763
152,0.0800479223665,5.28019386354e-05,0.643887262767,0.923770677523,0.0481666064813,0.567382979934,0.728600335763,0.23693354486,0.824274427976,0.634430116972,0.00101155729814,0.000952353336226
113,0.0954808057105,0.568499519399,0.161741830941,0.00317622324151,0.683059861952,0.192455452427,0.646854801555,0.389312768623
157,0.0106157944736,1.0000005649,0.905670841398,0.127934595611,0.229606313433,0.702786358019,0.876735353662,0.786671422418,0.425497889411,0.740669171919,0.173981337324,0.883368286113
156,2.00715783345e-05,0.877242388811,0.391485066145,0.0672119311365,0.999999754954,0.469345693638,0.654905801679,0.326460562277,0.569952332301,0.900903784274,1.00000017924,0.0402981640317,0.0048003793472,0.166045284247
159,0.14342247895,0.225561558764,0.776726440492,0.840809863264,0.0617411613399,0.762434361405,0.186869706928
158,0.811737842803,0.287716248515,0.186388676059,0.129963435071,0.00812011619473,0.00364294024398,0.999850668355,0.143194062911,0.387397309058,0.298109845625,0.122378857001
112,0.00671941278421,0.165303386217,0.573431325134,0.22373387458,0.225150239492,0.252503362416
399,1.00000023144,0.0870383402685,0.999998891721,0.0410179324954,0.376033712838,0.565572367577,0.233871555917
398,7.6348357831e-05,0.237381303981,0.533729337138
48,0.303432939861,0.0990590499076,0.164870740092,0.0894409756259,0.172538019323,0.999999707157
49,0.00746632360763,0.406069146791,0.112385024533,0.00195158826254,0.136785954084
46,0.282430556612,0.0375305888854,0.069011085447,0.784329094009,0.963099458068,0.82281088217,0.971336268296,0.749054099732,0.0453574843723,0.246540734655,0.884460482518
119,0.0211495340659,0.318364842205,0.454414188058,0.273167741289,0.00475838156446,0.00950529203843
44,0.25497490976,0.00508194683128,0.0255686687229,0.111064941979,0.0363774731778,0.484414082603,0.26855706024
45,0.0961718859357,0.0182945950438,0.303657358313,0.0161586764713,0.484620256619,0.152644223408
42,0.986065286392,0.01158750251,0.0412993127764,0.225683913418,0.232633332118,0.054622408113,0.0559892633023
43,0.0711975680199,0.058676820461,0.602736726622,0.0408007682297,0.573701535064
40,0.434702980465,0.389398594009,0.0161808821454
118,0.693777253172,0.377396694445,0.874594095567,0.0236778267433,0.00193195388924,0.367930567266,0.0470762551719,0.832827976047,0.270709101311,0.639794781354,0.729745074464,7.4213018107e-05,0.983412191634
322,0.594090117234,0.198602664137,0.00748154589723,0.413505945455,0.999998970572,0.0580712527313,0.389989952426,0.13815240138,0.173207027309,0.825233774742
323,0.494527168352,0.714937959324,0.00103939086057,0.314627534208,0.563151408395,0.8727226729,0.999999968669,0.000216598043448,0.19698425362,0.979050749208,0.960067895132,0.357033111701
320,0.564329745571,0.81047004563,0.120954915736,0.00472890341823,0.653195915193,0.690117536473
321,0.0257773312873,0.999999996291,0.258979072557,0.0782668980714,0.129801813149,0.0793859116061,0.970063437565,0.996283596052
326,0.704775031592,0.587996033555,0.301583403069,0.565195983984,0.492732946706,0.108023833722,0.212212204809,0.197993702688
327,0.00444883628651,0.010297526989,0.75687039983,0.878613479868,0.00458152600708,0.964844331617,0.510233567571
324,0.841982373085,0.575530649924,0.976380250538,0.00734856616105,0.0929860626962,0.000605296323117,0.337663548537,0.259783638895,0.999999057029,0.559831537757,0.278819188882,0.223247071096,0.999999630545,0.439515103785,0.164222455782
325,0.686572445975,0.822960777485,0.368334591352,0.991534462826,0.27115989254,0.143665217986,0.114224056719,0.165258403618
328,0.58230984906,0.000285603527091,0.0561978918203,0.0599496336485
329,0.791527581579,0.555390836669,0.274454305721,0.779968277339,0.829838094582,0.149433616195,0.44620865572
201,0.117062467569,0.156788959759,0.00889903879737,0.366930321288,0.927960627241,0.664343813764
200,0.517478115699,0.401041430601,0.299241340268,0.211294899622,0.837683093686,0.396263403932,0.174775809159
203,0.159724963387,0.138240844051,0.247739829512,0.405911483536,0.604645516292,0.533279765512,0.0308108333726
202,0.890056646524,0.00216185005977,0.64351579826,0.641287353651,0.0304128339081,0.00232735350748
205,0.0419164848287,0.0611630127058,0.999999751578,1.00000057622,0.403543247846,0.470276859043,0.352362041626
204,0.692894765571,0.290239880057,0.200845045583,0.000768952360697,7.48377202308e-05
207,0.00231424066982,0.88669331102,0.18819358275,0.951429885532,0.296411109032,0.244186331327
206,0.278446271483,0.402144285453,0.0256086513546,0.0816773352739,0.0375752645618
209,0.0088859349502,0.0876041262603,0.138014323701,0.686661924499,0.0773360768658,0.0164946930795,0.00673033289003,0.000221367191738,0.0352414421509
208,0.066663189609,0.316444837491,0.407933573307,0.89876855047,0.671919824829,0.0419221035459
77,0.0414738217107,0.0833645292413,0.123673948969,0.999999807041,0.838358046,0.00589414117665,0.855536419184
76,0.0185708650209,0.174275926718,0.0913262188825,0.434908702419
75,0.152116032674,0.00722297591681,0.125619618715,0.77698779794,0.997834417044,0.719590383282,0.00866853253892
74,0.993794677567,0.214910906432,0.262206127395,0.0879394425835,0.00565634515575,7.9623840529e-06,0.402934769133
73,0.0215219706642,0.00700001006003,0.713467720117,0.999999807041,0.997348003578,0.00775069990028,0.0295461309813,0.430823583064
72,0.232121047012,0.532363773661,0.515837289968
71,0.133754842619,0.823753018095,0.000561841155149,0.00489144485828
488,0.580355586949,0.440276271594,1.00000004434,1.45433236042e-05,0.487392547581,0.213027986967,0.215573947938
487,0.553552089926,0.228421112525,0.855820109295,0.0945180830713,0.217318490035,0.0142321426651,0.246831184335
486,0.0466011485729,0.507721251261,0.028295008531,0.0216180374897,0.820495769048,0.0555166772236,0.88406600903,0.365495099596
485,0.00359857010368,0.747678633863,0.00543775387442,0.714103326361,0.624734230414,0.596065616852,0.126936723247,0.905732642724,0.144160055486,0.00493346331688,0.00408141054906
484,0.373844944654,0.0803208171895,0.504798783049,0.364582973569,0.736537901508,0.235744540629,0.00242181206373,0.517989012503,0.0402963049431
483,0.307461952162,0.0631662773986,0.966418518829,0.235597070309,0.168332288623,0.26111189882,0.728848102934
482,0.0372150802568,0.0348219668135,0.995540346087,0.729486683558,0.0769553722983,0.0949650164793,0.233597938004,0.0143372820004,0.452524475315,0.745568403347,0.281074501062,0.0342501836015,0.0708049312119
481,0.233999875562,0.863904447228,0.538584072319,0.200580549394,0.496059495762,0.157273792899,0.0280975314416,0.798921308206
480,0.446917797088,0.996014304935,0.0203958773324,0.125715776653,0.670618432473,0.996356818547,0.49222074432,0.213267571648,0.181770733271
509,0.184752364883,0.806765202872,0.204522728469,0.499988179945,0.00141254769234,0.30494484209
472,0.410829447441,0.612741873559,0.739095648722,0.093856310936,0.466965557362,0.364497129492,0.0797762910852
470,0.334996116214,0.00520434912184,0.0312264046595,0.444366407733,0.702679412305,0.412730959262,0.115762948233,0.381054636787
471,0.0120464319497,0.0663258422939,0.289097193448,0.100291850724,0.130282499172,0.702798722669,0.57388134175,0.0311585893479
476,0.472464484637,0.13715089388,0.394270892607,0.8715314389,0.375345474117,0.38304260079,0.980695233049,0.418659527815,0.0143978450588
477,0.0462424538981,0.130259822943,0.118808706009,0.908180703615,0.0100470960808,0.116975435849,0.0453273727834,0.78780758182,0.0262848231039,0.464218974911,0.504508741356,0.279055216949
474,0.195409510872,0.085938303828,0.214139894691,0.0200746956238,0.634634422695,0.992828738233,0.0413820945252,0.0932957442092,0.354583245289,0.999999886048,0.459034381859
475,0.000671838063026,0.425103800506,0.8987225576,0.553805276105,0.143099347347,0.949480221024,0.838959435497,0.151983008374,0.0758192894822
478,0.864173211909,1.00000017798,0.99999994606,0.111466107587,0.499844267785,0.121270229697,0.762566685188,0.437387134503,0.0209766545176,0.000495970285028,0.00207612756555,0.16484634442
479,0.289924723084,0.479817946064,0.336040010254,0.0106041734453,0.551880785625,0.185753479013,0.909377948784,0.887671766999,0.119186302103
