5,0.183527457209,0.0282866879183,0.220616247944,0.0174478458404,0.238926504057,0.113924123952,0.014311449962,0.09483551672,0.0877932429115
91,0.00119440286669,0.152579771674,0.00216666621269,0.0352539190399,0.171838232987,0.115223328195,0.521412756079
165,0.36413634151,0.277952435865,0.00082736690687,0.271565238248,0.000171083857144,0.0850166100022
93,0.0544295209692,0.242268336519,0.00987541327358,0.261564258548,0.431531547166
92,0.198944949745,0.000381082055554,0.541701665944,0.21371579667,0.0379639274134,0.00696165456871
95,0.0052057202014,0.1840500157,0.774990539329,0.0354228015576
161,0.00704884161255,0.18635188709,0.0116582736563,0.0483786241068,0.0312541236565,0.012261949468,0.00383167301387,0.00972733563516,0.0749302967731,0.0322859069509,0.209442289022,0.103854488744,0.0644831754302,0.178381426389,0.00445651532921,0.02034244594,0.000979823850433
344,0.218615546048,0.272575232142,0.229527076219,5.33051287889e-05,0.215314102762,0.0482444424247,0.0153393717336
345,0.0529047862308,0.019098161532,0.0475136547716,0.00208235216223,0.114195129636,0.178413256311,0.292113393949,0.233072260312,0.0602760815048
346,0.716696240111,0.00401940202962,0.278953434581
347,0.00204649844608,0.144008763856,0.1884617777,0.200587126992,0.00399128474835,0.227071139029,0.233502485754
340,0.133838612271,0.0428946127093,0.0369035768436,0.0393523244938,0.21127796332,0.000142216222661,0.118820571664,0.0132165613646,0.0652391676556,0.128084434184,0.0700844181392,0.0744227963205,0.065391821394
341,0.302740392893
342,0.66335579042,0.277420191811,0.000487269016615,0.0584058251299
343,0.000203434985272,0.0455550412229,0.00517473609179,0.137650655973,0.141519777612,0.222918189459,0.131687756416,0.203421652418,0.111536927144,9.05144338597e-07
47,0.107195528386,0.200155764257,0.150470087145,0.0471058788181,0.213904400716,0.00636828445545,0.229693802247,0.0447753304807
163,0.0388415090867,0.201864876199,0.165652560088,0.362569052218,0.00404617660109,0.226694902072
348,0.242493622129,0.324367993955,0.0738791298636,0.0774342658745,0.113393476103,0.108412748302,0.0592139272518,0.000473913249996
349,1.38590737428e-05,0.288149791054,0.236045899466,0.00381299601359,0.0855769970864,0.145875804487,0.240193729273
68,0.00252888838228,0.322241332757,0.636229945263,0.0386689095132
120,0.131806268546,0.039880497089,0.0548282692471,0.0140511595544,0.443214293434,0.0632581579427,0.251908527935,0.000721902964161
121,0.160112804732,0.0858205823682,3.90021231542e-05,0.104332874694,0.0249624096515,0.22561411738,0.149432143191,0.134992208373,0.0528148831246,0.0615480507873
122,0.252850142287,0.0883031340105,0.0834216866568,0.259554632076,0.315539481694
123,0.0159061301436,0.255926866616,0.12092078177,0.0342396596241,0.253252979805,0.0138964779493,0.162161127195,0.0786626979142,0.0309694497676,0.0337329059381
124,0.000437427543448,0.0833201889086,0.02041326207,0.0634265556767,0.0019395640349,0.238291385281,0.183497034901,0.352613403242,0.0244968517629,0.0312334031739
125,0.0166220819864,0.0986204433724,0.161073624515,2.40257232038e-07,0.101310691432,0.213921868444,0.0244983660924,0.218413406981,0.127578764171,0.0103161172647,0.0273134721393
126,0.0820795261223,0.013888177126,0.112803864155,0.000877242597071,0.0371417017607,0.0154525975837,0.103273315831,0.391053110347,0.0513133064523,0.102448192889,0.00343305494207,0.0843853881108,0.00151959906917
127,0.046505492517,0.135768158708,0.00811773293211,0.0411031581864,0.048472448579,0.264806007342,0.0124601967876,0.0433668644789,0.200143976995,0.193595737598,0.00532930215962
128,0.228328987232,0.0397476481028,0.215673119739,0.1604709164,0.111300628505,8.9063355599e-05,0.24375381352,0.000304899806792
129,0.14577417518,0.00248604776892,0.23125540728,0.202893117049,0.00590116427547,0.220708921676,0.190650243294
414,0.770305994652,2.28451615435e-07,0.0308616718293,0.198501181258
415,0.00488303671433,0.211898802637,0.163639625448,0.020648126152,0.132079224262,0.251652194404,0.214868066647
416,0.0214090281741,0.340254186767,0.13435897729,0.203687634515,0.00841261093347,0.287629447607,0.00391719118403
417,0.0123599504697,0.0246286009028,0.197874397799,0.110646677759,0.148074900386,0.135062514883,0.131317013666,0.239705020866
410,0.0826949040553,0.0725511582134,0.289386765574,0.118287131352,0.307963201985,0.00113095444582,0.127654960794
411,0.176099772161,0.324101384777,0.18714809409,0.308969831375,0.00334999417001
298,0.0593023846002,0.29073910304,0.0877401022441,0.0962958896841,0.347856266604,0.117735330263
299,0.155885240074,0.0978223645681,0.108835610124,0.00512711271623,0.0239021082706,0.0257959176778,0.0823037503439,0.109696234618,0.263391388711,0.126909349232
296,0.0605790229861,0.0287721195335,6.65369180553e-07,0.123260278107,0.0843797654751,0.0305689156628,0.164890119065,0.0639192955987,0.00558492614543,0.0178213283158,0.0767119287171,0.0275784925037,0.290996757736,0.000530293947501,0.0240751674431
137,0.0804175878091,0.391614621277,0.042113890087,0.434002109296,0.0456453236898,0.00587554444331
294,0.14933047075,0.0274592124625,0.0146078589809,0.18704804192,0.00352700445699,0.17973559954,0.0276136742946,0.00341558602437,0.0743112358784,0.107240414241,0.143585622837,0.00450052243405,0.0772938327329
295,0.00768743178735,0.296914195068,0.183340298339,0.0855829217503,0.185461888492,0.182557808059,0.0498284267747,0.000712211897274,0.00182069733441,0.00576319688787
292,0.0342732601567,0.0372263404052,0.1653220596,0.445936947279,0.0926033094005,0.224307159755
293,0.0217804111564,0.0301327222432,0.0747414376225,0.0724842069317,0.00143735052713,0.0216419912076,0.0268879153043,0.0413766773508,0.0306185429835,0.299624606636,0.00048287945858,0.00484162796438,0.0684482276682,0.152202884723,0.152967594434
290,0.010678665245,0.0103790466556,0.00311184536582,0.231181442369,0.229174769849,0.223525880708,0.00287126133445,0.288746164799
136,0.204764619589,0.00560248509101,0.439925062516,0.178743971367,0.0915754912556,0.0716056979051,0.0074517488206
319,0.0877767756702,0.0754915507967,0.29772273905,0.0952912843787,0.0381149971758,0.0924732554035,0.0780105923507,0.205410046501,0.0293778352709
318,0.00978222236476,0.000103987987573,0.0645272765817,0.000409450203453,0.212617528899,0.246283990592,0.00105907837437,0.0263344479165,0.162506367115,0.0520310543589,0.224013672394
199,0.162303398175,0.0261458904519,0.164916695291,0.173783223815,0.208793421338,0.0701014730993,0.0248656193059,0.0294628916191,0.0801764163369,0.0274099410115,0.0317101058961
198,0.0619316963924,0.0908843044416,0.359196304328,0.300079673361,0.0224152153265,0.0868633055433,0.0782985777506
313,0.109678382469,0.0412544157418,0.0678087533736,0.0839934057382,0.0488544239506,0.0529700632053,0.0840313946474,0.129780859179,4.31238049217e-05,0.27860417974,0.102650074461
312,0.000643259785233,0.0083859067384,0.163991394854,0.0142626144336,0.066454831348,0.103605276236,0.0144060164921,0.0579955424938,0.0670093226071,0.156190276637,0.120538476891,0.124306535082,0.00590736379372,0.0959722592953
197,0.112102432983,0.159015554707,0.32393576884,0.404615319967
196,0.00839735156097,0.352075313677,0.0562501324661,0.124422396797,0.00023427357798,0.00597966077592,0.0496782014614,0.171934872836,0.050801424673,0.0836860557647,0.0957958087404
191,0.145080192477,0.201355117106,0.189286603202,0.0352539190399,0.213754036319,0.214939208626
190,0.000939832394013,8.97029157961e-05,0.0192331575092,0.238482670707,0.345159403057,0.0980883929964,0.17398171208,0.123694204855
193,0.362347394155,0.142115955988,0.487041765006,0.00816396153616
192,0.180427876828,0.0788633164637,0.0958938559118,0.335758448492,0.0352539190399,0.209047765356,0.0644238940728
270,0.129482683974,0.0686134612767,0.112189036154,0.177062787867,0.307317801631,0.0458013137781,0.159201991751
271,0.288248903039,0.270997017202,0.000135396862297,0.225915245793,0.21359683127,0.000775682311529
272,0.146232030335,0.0119001333291,0.181677755916,0.28172393218,0.00111920952034,0.0901710432635,4.05370297915e-05,0.28680443502
273,0.0823573482718,0.164495825632,0.602466138959,0.143117599625,0.00723216421533
274,0.164897265436,0.0190595610122,0.223902707361,0.34833801965,0.0158974556698,0.00668340110601,0.0077365105022,0.213154156159
275,0.145807263914,0.117293858395,0.232645853881,0.404557304863,0.099364795139
276,0.148785385394,0.0763343726182,0.138825165784,0.00230336892562,0.0014421875215,0.144095907018,0.240181263782,0.000259708719501,0.247441716459
277,0.0530137773654,0.0748430014398,0.0146016702737,0.461518550837,0.0195252675491,0.325456276465,0.050710532523
278,1.43338232211e-07,0.227480929848,0.181168085822,1.5128916626e-05,0.143729087605,0.0903191705043,0.152813467932,0.197928019064,0.00621504349106
279,0.0379337658622,0.15489389384,0.288645284572,0.0680942291311,0.331016394708,0.119085508424
497,0.0239271522773,0.0561633703909,0.0198665299281,0.158131435387,0.116338020629,0.127217797394,0.4980247707
4,0.745289712473
3,0.583741161608,0.139319660999
368,0.261891738565,0.00731550438585,0.265946634428,0.464515199126
369,0.160756876432,0.118047015724,0.119598749541,0.0257243822461,0.173512808364,0.402029244399
366,0.290796191756,0.0311868794791,0.269289935972,0.221103865048,0.187292204366
367,0.0904860315104,0.363301475049,0.329661928285,0.0897436485944,0.126475993141
364,0.0109699776297,0.0229418495618,0.001035056609,0.47894933799,0.287941369258,0.197831485581
365,0.299737422897,0.0287295055051,0.671202148324
449,0.046119795511,0.216793676612,0.0724639896611,0.190017367091,0.0798376473388,0.0414791639581,0.156608807559,0.00338951681409,0.192959111759
448,0.0203700222057,0.162906694516,0.205596004598,0.195561437111,0.415234917882
443,0.164180986845,0.190328217097,0.112575458353,0.0325755375004,0.118555552465,0.0708613708991,2.67929253545e-05,0.00365750193178,0.3069076582
442,0.0258767475048,0.0332808293233,0.26331174371,0.146321549311,0.0788358057721,0.24768849242,0.158296477252,0.0460574310898
441,0.0695488139377,0.302863298152,0.0908604027623,0.262156584712,0.269312143081,5.29364080626e-05,0.00234651482205,0.00252838266066
440,0.00581492217471,0.176922835903,0.118067741195,0.0142461282715,0.016137860582,0.0315595488605,0.169152418079,0.326219672541,0.14154794893
447,0.138817353444,0.000217788360513,0.167178194425,0.0741911904928,0.0913395531524,0.00375504810337,0.047937236238,0.0173371651046,0.211685764808,0.194924906058,1.08839755399e-06,0.00395888990497,0.0483248981974
446,0.497165846745,0.191643421668,0.295053065105,0.0158067428995
445,0.614862957017,0.00376777011402,0.0670656911535,0.151401316299,0.162571341391
444,0.449179480457,0.118481414813,0.142462459447,0.0343201825886,0.0605917885637,0.0353157929684,0.0690372590246,0.0902806980563
381,0.172920227596,0.349614674584,0.215282578565,0.261851596008
382,0.0507159651602,0.140190191414,0.0899729911013,0.0337887766436,0.183668963845,0.114052999466,0.000388165149106,0.386891023492
109,0.000200678434676,0.0120025518966,0.58255401954,0.247786912837,0.0571617678395,0.0999631457152
384,0.223732951272,0.239223608391,0.276599599869,0.260112916915
385,0.00047315648087,0.0797222502745,0.449792357126,0.34019385449,0.126690511641,0.00279694655753
386,0.213419188849,0.147501566715,0.382865491219,4.95987405773e-05,0.122538157605,0.133295073506
102,0.221426711728,0.0789861284472,0.176864791636,0.129424918826,0.392966525991
103,0.596838359002,0.402830717313
100,0.00731038691383,0.351496236671,0.0518855268443,0.117446034019,0.295680893221,0.159917304703,0.015932694371
101,0.468352373369,0.387945995609
106,0.084474712704,0.186286111169,0.00468292666263,0.0516793047124,0.105513973169,0.0241289812047,0.0738372402531,0.00464758189055,0.160943604626,0.0644672700624,0.0749302967731,0.00629844216534,0.0856094294564,0.0671713399559,0.000784198216991,0.000262013264627,0.00395165021842
107,0.204212443937,0.453644418371,0.0266050198943,0.232712141592,0.0811230856176,0.00137196663124
39,0.00993812729984,0.222858426006,0.633306683653,0.13356583923
38,0.00958929192584,0.13082517775,0.666860879948,0.050983869747,0.0119053569165,0.108750660253,0.0207538404808
33,0.193706731414,0.282118443228,0.0275718865656,0.449950883447,0.0104505726,0.0358705590358
32,0.000710666892669,0.358349873641,0.0588628538148,0.400219132396,0.181526549696
31,0.079902834394,0.479439904814,0.103002179736,0.0413647268627,0.0433354454209,0.126749664421,0.0313778091345,0.0750559521872,0.0194405594363
30,0.00340853906604,0.00107069254746,0.00250250373089,0.218135982829,0.162706944189,0.0784533832341,0.27237490436,0.105206126518,0.155522828392,0.000287171810151
37,0.128400734962,0.629643215621,0.234102676021,0.00752245375242
108,0.288991078638,0.705160148742,0.0055178491143
35,0.0354028150406,0.0448762757435,0.0634202254384,0.526066170269,0.0350082081677
34,0.244204619537,0.0564192673982,0.0356592032891,0.63428444481,0.00290134708468
383,0.284072305658,0.0273534968614,0.202905410708,0.331131373794,0.0618499691777,0.0923565207677
438,0.184270736716,0.252356239839,0.0774790924271,0.11222657723,0.264058511233,0.00581333930747,0.00342627619665,0.00568812618262,0.0404066386279,0.0539435389263
439,0.228677097717,0.00594266668076,0.0772845491421,0.0256399902983,0.179038814525,0.0949568244192,0.388129133807
436,0.0630890007405,0.0163141032893,0.0224974613274,0.156358665678,0.146997642759,0.0357204674878,0.558691735244
437,0.683243419834,0.183366243438,0.0146885968272,0.118370816413
434,0.144459652387,0.0261289076762,0.156763854478,0.521772289885,0.150544371882
435,0.0174006507692,0.279455829825,0.189798776736,0.176939968505,0.000358442034178,0.0259773614525,0.30973804709
432,0.157505377837,0.117115339403,0.167214039364,0.0938476720745,0.0500770463953,0.0106165265216,0.23325464491,0.157643815009,0.0123946149823
433,0.0281398253097,4.1654800112e-06,0.282770487307,0.191616749222,0.300964330477,0.173037132324,0.0231363863951
430,0.156454710417,0.0861300661084,0.25187728384,0.00575424560166,0.284326986952,0.0630416360184,0.152084147484
431,0.196148843651,0.1447632351,0.0170476950867,0.163951757268,0.0328343116821,0.240325683438,0.20459755047
339,0.131572375289,0.0356927812779,0.0277704715142,0.154220269993,0.0332069334564,0.0231479175468,0.203212227978,0.0773199478886,0.129837131004,0.179791751221,0.00101391925005,0.00288335012952
338,0.0395153446084,0.332406164508,0.627747567313
335,0.00677923183614,0.0296059375622,0.0253510204403,0.313125556524,0.177909070657,0.0316466511169,0.124145079059,0.0914351694002,0.0398757688043,0.159795590907
334,0.0669061992182,0.0184111327846,0.0426646597415,0.0862697843524,0.229270937683,0.036348936903,0.0412310946738,0.0405456879716,0.00710941255997,0.295978263019,0.0301055103909,0.0620965246416,0.0427309328068
337,0.00278557988861,0.0737705352398,0.103597832379,0.0516793047124,0.148288067872,0.136276843222,0.0400756929666,0.150414880891,0.113032827151,0.0749302967731,0.0225265306281,0.0178087177627,0.0641652407087,0.000316726184687
336,0.119247027917,0.142625971055,0.137227070587,0.00226503771823,0.141001271097,0.24476709659,0.0628014463921,0.149734155102
331,0.888378584555,0.0660657448233,0.0210468171302,0.0241779294422
330,0.301010640074,0.0114654461663,0.27200405966,0.167414564985,0.00190402435225,0.0293576684264,0.0212347261242,0.195277946976
333,0.247911204671,0.0276533401248,0.262314262294,0.125560277553,0.153223073633,0.0818918076923,0.0955742897723,0.00554082069911
332,0.00513947544166,0.0338250598298,0.0338413685839,0.0938237075649,0.197432466178,0.201725743743,0.166698395942,0.0871498293782,0.0118547588838,0.000431453257151,0.167746817412
60,0.0848930927654,0.0654151335985,0.248543345542,0.0155591176538,0.0273343823206,0.557924004456
61,0.0234439400214,0.136470137034,0.166716703768,0.0247802396859,0.203995755774,0.12519989337,0.18181795218,0.110110637688,0.0271338170536
62,0.435044460166,0.564624616193
259,1.54939404533e-05,0.20250160318,0.0834043347612,0.00119135015644,0.172657318784,0.149292771842,0.000145655181862,0.20579010636,0.184670442052
66,0.0203060994072,9.28985527027e-06,8.58773500787e-06,0.114524814717,0.395396975568,0.469423310222
67,0.000375415785921,0.000989960249104,0.23817022873,0.208917432544,0.042608443342,0.0350231621312,0.196327896706,0.0851864247124,0.138654210351,0.0534159018455
252,0.0414894546089,0.069988271809,0.288664382326,0.015465808946,0.0651219269081,0.0961568113946,0.162625001989,0.0938797435245,0.00340208692221,0.162875588055
69,0.089572117053,0.157447558145,0.00539171510345,0.0789451380731,0.142339676076,0.127241169232,0.0663705604423,0.277392864604,0.0549682777173
250,0.58881710554,0.0511620082233,0.221046377608,0.0670972038746,0.0305221236556,0.0410242576284
251,0.153018383224,0.320882308005,0.0558049177393,0.0477071423319,0.00343683952312,0.130103989809,0.0550595944166,0.152429534112,0.081226367726
256,0.124864455157,0.100828281053,0.083867340941,0.0528920266031,0.123528989075,0.0844410750113,0.113719163534,0.00536309790111,0.137521387272,0.0115084239977,0.161134835926
257,0.0329684498044,0.00104605162454,0.104449623692,0.170415029092,0.329347007194,0.209124019957,0.0696987216942,0.0097601726269,0.0411062632689,0.031753737639
254,0.0667488659148,0.134965240594,0.100828281053,0.0234920965189,0.0457669951857,0.0114311273059,0.00169179495732,0.0492946815531,0.148141014664,0.00418956018366,0.126670184136,0.118488871293,0.0116383179051,0.0537671263068,0.102554918685
255,0.0881741804285,0.453011458442,0.00662592937025,0.0922303097978,0.235554933676,0.111355697985,0.000127015999161,0.0125895503724
289,0.0394826343937,0.0583944131692,0.0081276481234,0.108525030535,0.119678446493,0.193139733379,0.0513133064523,0.128918109092,0.0340957487012,0.0843853881108,0.137104099843,0.0101461483333,0.026358370006
288,0.240577400772,0.0845121294625,0.145198360906,0.227872317599,0.0441258791668,0.000729711764622,0.254476726691,0.00192547047361,0.000251079895141
508,0.220283636437,0.00824945576406,0.264541983345,0.000973145001036,0.121759420965,0.172532819013,0.0381914626216,0.173137153408
6,0.0216980545113,0.225533222281,0.141801819899,0.0691847908836
506,0.0495281509923,0.209637516135,0.0422668620923,0.285089795461,0.0873280992629,0.207953539874,0.0520071333377,0.00211341183964,0.0637445675458
507,0.229775894956,0.134263144095,0.137640117499,0.00198722312078,0.000576089242229,2.26176506907e-05,0.235357792912,0.25809407319,0.00195212364331
504,0.13910815479,0.0196851468019,0.270491809477,0.00463950979807,0.120004169507,0.0470319658701,0.126229335029,0.00409499228136,0.0438619346089,0.224522058523
505,0.0968744377465,0.353340996487,0.207311928855,0.106084458726,0.015827933839,0.220229321071
502,0.00335176784356,0.00926307300845,0.115917279817,0.0830446174057,0.139061866269,0.218522524375,0.198209720187,0.232298227684
503,0.0391591504547,0.22265958266,0.115436182208,0.0544263573685,0.00529922759813,0.0160136272115,0.0945584766798,0.0530361232507,0.22483731979,0.00616672271835,0.168076306678
500,0.0966865215468,0.179173526322,0.149653222202,0.00506746249609,0.310751507614,0.080953498089,0.00257033701064,0.159882877028,0.00407769114482,0.0108524330289
501,0.0343143471097,0.0409328682029,0.145314644255,0.0335138177509,0.0675916110148,0.189282277082,0.0440451490061,0.131174115682,0.146449708499,0.167050537817
469,0.0397035673267,0.0445133055586,0.0051090763145,0.128187629915,0.0245578946925,0.156469173464,0.601128429125
468,0.0318733206661,0.0600605878719,0.204450001215,0.109600690824,0.141788794861,0.320878091943,0.0338441053221,0.00784429671142,0.0883468762515,0.000982310552603
465,0.0626234046589,0.000574937226073,0.00054034365499,0.51315765202,0.000376261998578,0.0885661056525,0.0258949192188,0.245064861303,0.0473635477666
464,0.013013450789,0.264554462826,0.148406768313,0.0477116943354,0.0237746421889,0.287976234408,0.0403800878726,0.147870936712,0.0259807990998
467,0.00161681604364,0.524907004336,0.0149202871339,0.000111703226641,0.214862642385,0.117994063218,0.12525303249,3.52791871209e-06
466,0.252333098916,0.0337784608986,0.00270383696846,0.049561093086,0.175868604729,0.155112518804,0.0355477721877,0.103338783019,0.191424907929
461,0.233540415382,0.15459896551,0.00954764246282,0.0598010566822,0.0179519922631,0.0512800580787,0.00853657887307,0.0365686925426,0.067442625817,0.133750530875,0.10372499389,0.112683201654,0.0102423224248
460,0.0466939414732,0.00901955127835,0.217998934756,0.252210886432,0.104362099576,0.172113270986,0.133726521173,0.063543870975
463,0.0823648656605,0.139805627544,0.0900732695402,0.145994549782,0.0985007371402,0.00771422290932,0.104880942249,0.165646897332,0.16468796448
462,0.0912824257371,0.583291954962,0.04878693258,0.109654734175,0.106329998748,0.0603230305349
99,0.0495751549206,0.340744307584,0.14395173802,0.0734446164955,0.134709613471,0.0227643035107,0.0240096098739
98,0.0454897969846,0.950091813494,0.000214859528834,0.00387260712396
168,0.00354063707415,0.0782966765909,0.276496674169,0.574064968774,5.56352815785e-05,0.0672144847112
169,0.123698994274,0.0283494703339,0.694006661264,0.0998445893229,0.0537693606895
164,0.13891475571,0.0792291752824,0.667829332145,0.0395301913547,0.0741656219523
90,0.00822869859026,0.0614423947207,0.521777837366,0.408220145282
166,0.361281202992,0.167925018751,0.321716583811,0.148746270918
167,0.0992632211957,0.0778799145553,3.06589103967e-05,0.0391821984868,0.32755235984,0.45576072329
160,0.111275656936,0.0834482671346,4.5380555343e-05,0.0975857974608,0.00593811233324,0.0904333163361,0.318817087518,0.147165119456,0.144960338564
94,0.0890853761973,0.0835218447874,0.302865282673,0.074170109122,0.294447050372,0.00184053547242,0.0593569285936,0.0943819500336
97,0.18216598675,0.758156674209,0.0590384532698
96,0.00641640212512,0.0555651358484,0.145416636313,7.8157699085e-05,0.374024889315,0.418167855624
287,0.29448189495,0.582572599827,0.0591603496589,0.0100543050709,0.0533999267168
286,0.0183353872395,0.439008942804,0.423688631191,0.0350366207949,0.0835994940009
41,0.0898896349916,0.213540217098,0.00358672017204,0.0164705591334,0.181627041709,0.258429937058,0.148331722949,0.0877932429115
36,0.498985641523,0.239147890766,0.12326320977,0.111304439971,0.0120141367233,0.0149537571505
238,4.36561741756e-05,0.211239898471,0.0550411818186,0.000412398624953,0.141208846775,0.0879926447095,0.115280176349,0.00366255022897,0.216665686137,0.0030042079612,0.165117829417
239,0.166039297924,0.122569189408,0.0569266399043,0.0944293256273,0.00622351088469,0.000904568094173,0.00667845221698,0.115327231619,0.0667653521297,0.0242782544004,0.138716365883,0.200810888392
234,0.156303884562,0.102614394518,0.150270705305,0.078374213549,0.0545145569666,0.160924577788,0.205485009154,0.0911817348721
236,0.200287973842,0.123482967562,0.182487978112,0.136974637022,0.175842033266,0.110951694159,0.0682504255326,0.000565452522457,0.000214370050325,0.000611544335647
237,0.426836451666,0.0102994647345,0.0466822624914,0.20486331218,0.310987585372
230,0.306852432154,0.107516396658,0.107830868752,0.0897247503267,0.300507110691,0.0678232094918,0.0194143084537
231,0.00111050252593,0.21590693264,0.135629375668,0.018127373476,0.153478458262,0.0303823176368,0.0579896028685,0.233782468521,0.00115862228616,0.152103422517
232,0.0327100843014,0.0423924745855,0.00729216673096,0.029200702578,0.190258960234,0.000516375026514,0.093007830446,0.166379641327,0.0033465839499,0.195354297499,0.135551718849,0.00235104396487,0.00546774344867,0.0958394536975
233,0.0862852436351,0.0527944948513,0.0087703377974,0.26847574231,0.583343258492
114,0.00267271036834,0.220469519791,0.325419022369,0.0288694516966,0.0772348759845,0.0901306523711,0.227408387227,0.0271230137084,0.000315508629092,2.59347372035e-05
9,0.708508783032,0.0119286357027,0.0557286762094,0.204027053117,0.0194759285462
146,0.000282684250529,0.000753593275667,0.125743501027,0.116869736031,0.559093928368,0.196925633761
147,0.506177467022,0.00471829770309,0.264512302293,0.105307964652,0.118953045104
144,0.355345128739,0.18234947574,0.152243801801,0.298777606548,0.000138142603101,0.0108149213944
145,0.0582537181491,0.111845365593,0.0172260048599,0.0699978880004,0.0250279245291,0.050610734915,0.11832957158,0.170491575053,0.0306503758624,0.0346763768901,0.000153000031539,0.140601075711,0.0361191672975,0.0767938384356
142,1.50569583e-06,0.0831108004061,0.0412814477903,0.0730244418271,0.314676844454,0.131131365016,0.0340521759811,0.0495751549206,0.0660881724569,0.0569900015149
143,0.271248330984,0.189749258657,0.085801124474,0.210563695864,0.0805512649612,0.157426789261,0.00239015697768,0.00193845490446
140,0.0197530484351,0.0874295726756,0.128235796437,0.0322862727304,0.0516793047124,0.0183387135083,0.0984847873804,0.0163268212836,0.0710428752871,0.178371151917,0.152961255469,0.0354169788797,0.00935728537396,0.00293750391859,0.00931285153921,0.00769740671856,0.015193127451,1.68581411025e-07,0.0648441542918
141,0.00175490463401,0.0568616965177,0.142847968904,0.528246969055,0.0513133064523,0.0923829692148,0.0619234163245,0.031719853888,0.0272559576725,0.00536203408722
148,0.0566867658207,0.000165321895514,0.810353102712,0.0417735038257,0.090690382143
149,0.00136682960429,0.00171924041683,0.141393359586,5.56785375948e-06,0.473013166965,0.281056952483,0.101113959651
154,0.221078931464,0.225159994752,5.13263887192e-07,0.104227470866,0.173979471823,0.165319496537,0.109756666516,0.000146531505333
356,0.0136893516703,0.0138162250065,0.202923046658,0.0788918263653,0.156738435232,0.00770621848731,0.00872942952782,0.25441742729,0.0668835963832,0.195873519613
355,0.108169341232,0.0582940331929,0.0103096608586,0.231834711283,0.10730404506,0.124293834113
354,0.116755640659,0.14683878687,0.0913395531524,0.274195105654,0.0276857859712,0.0378326518843,0.0474831175008,0.0877202378257
353,0.0141415816592,2.92659122318e-05,0.149945070824,0.181644671178,0.122139841669,0.306419134822,0.00970634457925,0.197214510264,0.00135829771859,0.0170703578917
352,0.223864953885,0.131716518346,0.0500102909161,0.00971234975081,0.513409255171,0.0709557088626
351,0.127256532334,0.00211580151367,0.271246648941,0.00967616577507,0.0362483968235,0.060886237511,0.100627940719,0.200099680458,0.191511672497
350,0.00498684177408,0.00662800227872,0.0883707552555,0.140095135103,0.189350561466,0.261971973477,0.0476917287318,0.239178028446,0.0213960499882
359,0.000150821730039,0.163103418017,0.0573112460621,0.241636146169,0.522794791948,0.0146726523902
216,0.0290506808708,0.000321086341954,0.580061636021,0.0204431418212,0.181571906797,0.188220624632
217,0.590001562993,0.0314123059586,0.00643546709703,0.271472664343,0.100347076075
214,0.373386503701,0.0894114652589,0.136691007856,0.300221544154,0.0501271813319,0.0497161637655,0.000115210339667
215,0.122295002002,0.572897305393,0.014733231157,0.140771556799,0.14897198125
212,0.205328506259,0.00805038788773,0.370237089278,0.263551576874,0.00135302871771,0.146305302929,0.00484318451503
213,0.362648464673,0.165153891884,0.164720663321,0.105502291668,0.0914559457139,0.000368093707969,0.109797100426,2.2624873104e-05
210,6.69988489515e-05,0.240830931794,0.0486201040112,0.0540678789017,0.000867592904648,0.0834559601938,0.140481999127,0.173028510793,0.102536154225,0.155712945657
211,0.031097580584,0.220623856325,0.0114238765134,0.033235875783,0.0580367894194,0.136849858011,0.000459616202972,0.24430746511,0.031816850276,0.062887269352,0.0890234262358,0.079906612685
218,0.152786111463,0.00547341484021,0.233818162644,0.510355040285,0.0972363474201
219,0.109885842715,0.136909187363,0.0979807509258,0.0984915014726,0.128521420579,0.313481666249,0.114398707393
133,0.0127462352773,0.098424877421,0.458410707675,0.0619243816488,0.0101551380352,0.100390306328,0.253263437439,0.00435399449126
132,0.340387950395,0.165229449448,4.41466527428e-05,0.19158337914,0.302424151057
131,0.230972667235,0.00187820614832,0.203615776766,0.00491832029215,0.123712043702,0.173450411226,0.261121651396
130,0.260491033157,0.21850208511,0.0829742010491,0.0583242825365,0.0997680540848,0.00465327129207,0.274956149214
498,0.312909033019,0.019512842768,0.310587187043,5.09345473431e-05,0.151504927927,0.00361600958465,0.201488141662
499,0.1478075833,0.00205732500384,0.110091791994,0.0466263537945,0.00635499278505,0.144507367928,0.319208035548,0.174064206972,0.0207065646815,0.0282448542771
135,0.359399285243,0.193208709419,0.142317020159,0.000177580229626,0.304566481398
134,0.25381997844,0.146261972299,0.00420366805398,0.055967002313,0.317403324011,0.222013131274
494,0.171801603602,0.0778460865031,0.0219850235739,0.0484945930616,0.076288695026,0.111776593709,0.0213723168202,0.133038179979,0.337065984441
495,0.162093818283,0.110712355569,2.54387752411e-05,0.185660099516,0.199035151901,0.0939918047959,0.248150407691
496,0.02920727295,0.00112435546231,0.0628357539058,0.0409162302467,0.162368650456,0.000704067110126,0.355887357198,0.346625389083
138,0.0724717130348,0.206150918464,0.104253474875,0.0382376345565,0.00150099370775,0.111903114957,0.263759390778,0.166652533511,0.0347393024974
490,0.139355842718,0.0815149853731,0.00273944888025,0.0692360373488,0.309185961355,0.0908858733338,0.270928193754,0.0358227338087
491,0.160748579966,0.0431454551214,0.701390880091,0.0943841613283
492,0.231628633758,1.09884342097e-06,0.230252959115,0.000158171694835,0.00669044594996,0.152110415256,0.196258262111,0.182569089638
493,0.0175084368204,0.0150611807472,0.00095880485349,0.390943199198,0.278544694722,0.296652760006
24,0.0455232396749,0.0131614346265,0.0241709724721,0.0367986206381,0.0335520258266,0.0275750090491,0.102354377098,0.125718949615,0.0313529599467,0.35996734021,0.0966594019339,0.0980543129859
25,0.0824730099943,0.185661959344,0.010284843809,0.00209330841939,0.105400110168,0.0328325004542,0.0238105094194,0.177649779471,0.0702306688545,0.0306503758624,0.0097193675392,0.0699978880004,0.0859517498704,0.0361191672975,0.0767938384356
26,0.00244170231314,0.00460948006374,0.0614571019595,0.0528816927054,0.0955866873058,0.0410550381974,0.0616345481184,0.0734446164955,0.383812355529,0.145380066784,0.0495751549206
27,0.126474353688,0.190045459729,0.16325651306,0.0207530352516,0.0410266076808,0.330023417172,0.12808968978
20,0.549484527613,0.0145415979762,0.211169665338,0.0103536888634,0.214119596377
21,0.0331283917096,0.212472689615,0.054365509574,0.2155325196,0.0645281356263,0.419641830439
22,0.0828878560643,0.0283991633679,0.0192616990267,0.293636679823,0.563987671052,0.0114960069176
23,0.139090501512,0.00494121667397,0.000741984032231,0.180280698462,0.0316089223174,0.0427224493924,0.000441901780247,0.0222209535091,0.343405895016,0.226251589009,0.00796296498487
28,0.000155488331668,0.000432970862103,0.267286234671,0.418801026899,0.0524537135755,0.00456518851534,0.157296569872,0.0986778834918
29,0.488186123784,0.035965791671,0.23847649072,0.101765978043,0.135274692698
407,0.213991205544,0.128243834923,0.179007949043,0.0646620580909,0.10866193558,0.305102093294
406,0.16319013353,0.206833935138,0.100214331318,0.0275024609998,0.397420886007,0.00510439459379,0.0994029348224
403,0.000123642419504,0.758515031453,0.216562348577,0.0244680541681
402,0.266680597065,0.179685683457,0.16057153928,0.202156565241,0.190574691281
401,0.0180284403528,0.318881391156,0.371889920554,0.235224805496,0.0556445188954
400,0.106411038493,0.00252376861299,0.57935040105,0.0911711663747,0.0124789310204,0.000378309674147,0.207355461395
281,0.0104229516131,0.037459971674,0.521507561648,0.270507969997,3.91687115823e-05,0.159731452732
280,0.142166873317,0.0997973021293,0.229056008628,0.230809547606,0.000141215097106,0.021299878108,0.211055034325,0.00554295900275,0.0597317451186,6.85131558967e-05
283,0.465483046445,0.51005819393,0.0241278357311
282,0.886355012395,0.0430121481494,0.00548240849442,0.0648195072385
285,0.36693920943,0.0742031030139,0.367156708554,0.0735217127102,0.11784834264
284,0.0171633320359,0.052616494381,0.904175464193,0.00418263087175,0.021531154946
409,0.185051435175,0.348239487375,0.287442487023,0.178935667008
408,0.0921543618896,0.042822921406,0.56426297835,0.221836107332,0.0785927078375
263,0.0003684859633,0.000352563205162,0.0789818622292,0.138534691551,0.1246909757,0.576438782325,0.0803017156193
262,0.000596800136374,0.000136787068562,0.163644177107,0.460252868749,0.0988221341827,0.111510726796,0.164705582588
261,0.825028747541,0.0462276107614,0.0494759421569,0.0777721335862,0.0011646424736
260,0.157217816519,0.108226480294,0.138072241303,0.118489911334,0.0273006362112,0.211983318211,0.113852129053,0.0037786249903,0.0602926852125,0.0398781777674,0.0205770557437
267,0.012708743617,0.384469586444,0.25411283276,0.252394793537,0.0959827953094
265,0.147437425153,0.189459246137,0.0852744138469,0.200973258461,0.357157482754,0.0193672502693
264,0.125748439909,0.0222677615718,0.000441743858736,0.512774476744,0.22240222506,0.116034429281
268,0.00135351781636,0.0175395125275,0.0747159728841,0.0843357184729,0.138836263101,0.522399752701
59,0.0897361464313,0.217657573854,0.17715303775,0.000172737545119,0.29039076149,0.0823247153328,0.02002105126,0.122213052685
58,0.0865072834629,0.00120232018968,0.717041258009,0.14113560718,0.052161738658,0.00162086922645
55,0.0917735412854,0.53509029082,0.273479452029,0.000111711962821,0.0992140804494
54,0.0468851006907,0.461959088764,0.0453525173373,0.381916666427,0.0635557035121
57,0.999669076319
56,0.387898933181,0.0182634377293,0.0733440965316,0.0402635100519,0.00655689325252,0.436391471656,0.0369507345549
51,0.932872909982,0.0253473065776,0.00113770800028,0.0197567373731,0.0205544147315
258,0.000804258970178,0.143096831055,0.685297426994,0.0782187471231,0.0661900784781,0.00310915064168,0.011449560559,0.0115030226118
53,0.0706170866453,0.00110673283455,0.378572410983,4.90347574791e-05,0.148288067872,0.26252845845,0.0207798853869,0.0807771551371,0.0281475966404,0.00880264837023
52,0.0468217472981,0.00378359507957,0.0190356591455,0.0374715419789,0.579620220481,0.0797660830216,0.233170229226
378,0.0200294841567,0.744598005758,0.115145594635,0.119895991979
370,0.130331970484,0.178065084432,0.691272021349
373,0.0171934614468,0.464164539615,0.288083687311,0.230227388091
372,0.127566854565,0.214166739236,0.0407795617454,0.617155921032
375,0.11244257775,0.134726951643,0.752499547331
374,9.07342516995e-05,0.00663203313532,0.182833045824,0.310615857184,0.0344422695981,0.24499279904,0.143387171957,0.0325318961941,0.0441432692323
377,0.39687168606,0.0953469352045,0.101278218309,0.406172236972
376,0.396287368957,0.244074866252,0.192231026485,0.0152700622682,0.0677307737693,0.0840749787799
303,0.0143016781527,0.114819605241,0.039404813677,0.0749155088802,0.0622583061578,0.0172633995632,0.034870177563,0.0929716618333,0.0765625578989,0.0170198814102,0.165485632616,0.0271673976447,0.131429177867,0.126909349232,0.00428992865624
50,0.362661534728,0.264266210704,0.0167748495755,0.118256068875,0.165719574359,0.0719908380223
393,0.133066306281,0.0519080731991,0.287982572963,0.309536256286,0.0199151639568,0.134725191681,0.0600350818732,0.00250043050906
392,0.0507468957261,0.0685350918097,0.00518724174333,0.0635357890054,0.396273657661,0.415390400329
88,0.57172756394,0.305499852132,0.0946566304263,0.0277850302827
89,0.413187558128,0.112538874994,0.000144613484657,0.000986459524108,0.129196700968,0.255321362543,0.0550454917294,0.00230392121072,0.0309440934412
397,0.0138715507797,0.194544063938,0.238254476758,0.000457361334535,0.202102561328,0.191726743515,0.147988292671,0.0107240263604
396,0.00319210507326,0.0818479452995,0.15424582808,0.226699945168,0.151580999738,0.270339260161,0.108171401875,0.00359159114655
395,0.0928895314084,0.000235327851991,0.00071102058054,0.111213159027,0.324325463644,0.0991076341581,0.28769453287,0.0834924068492
394,0.0523202409008,0.00303851784474,0.0383387517106,0.00816276453227,0.00281678172074,0.193347686875,0.497371805262,0.148331722949,0.0559408045062
181,0.122306655292,0.118629500032,0.520859227426,0.0460690066419,0.152984596745,0.00680124669612,0.0313509083974,0.000667935215744
80,0.122845045512,0.163811187824,0.369757966333,0.0823304385015,0.260924438205
81,0.70942064058,0.00173000113507,0.0263883897444,0.00717371462537,0.00139197211504,0.126831951748,0.126732406928
86,0.046087906649,0.314553568558,0.0412492510997,0.0260561024476,0.105780325941,0.149984616719,0.00767798850716,0.249495611233,0.0315019877325,0.00785336885938,0.0194283490541
87,0.000240953186928,0.225047473934,0.00454356881526,0.178038199377,0.219087176786,0.0112526134602,0.0703488048161,0.00808517320369,0.0853258596139,0.182300711192,3.1380763733e-05,0.0153671610807
84,0.0382241586331,0.5542967265,0.0142655610397,0.0387963748502,0.20679292232,0.0345652539946,0.112728079163
85,0.115770261093,0.0295555548836,0.0635126281675,0.000260547245078,0.00632890703405,0.00564998030453,0.00797121277534,0.0699978880004,0.0880828957297,0.0361191672975,0.263520310971,0.0242527548857,0.0138960048358,0.0599769763724,0.00519871724576,0.0493968623217,0.040746077898
429,0.0396800481079,0.223141835248,0.0283614447122,0.0197226927005,0.137804467653,0.0504627890732,0.20609304406,0.293006789665,0.00139596509552
428,0.255971486204,7.93775841801e-05,0.217720819032,0.265361241727,0.00211280183045,0.000250484482274,0.258172865723
7,0.267667511286,0.173059955753,0.105835115331,0.177971918914,0.271497974895
421,0.301416810622,0.0630203743983,0.635231891618
420,0.133390107347,0.0685928638204,0.175291974924,0.621973849727,0.000420280776535
423,0.0459446515624,0.0442964505017,0.00133085347816,0.908097120786
422,0.279071302895,3.25277461257e-06,0.720594520775
425,0.399261631687,0.103518454339,0.311552753609,0.153631656429,0.031704580381
424,0.0177154294062,0.0012618075681,0.48229760815,0.309360022212,0.187559142363
427,0.207165305918,0.221582705873,0.255403596815,0.0387272913838,0.238812548348,0.036326379311,0.00165124865767
426,0.357056166468,0.000722399475703,0.328650553749,0.313239956641
308,0.277216553615,0.304414438446,0.186101045685,5.89432273676e-05,0.111830712374,0.0476676290806,0.00452637294425,0.037739795095,0.0301135860385
309,0.0974883893376,0.160366573771,0.00144745102065,0.0949240654182,0.264752415359,0.0123615405314,0.2354303719,0.132898269289
412,0.0029671971166,0.424193398364,0.106293426734,0.37368569836,0.00432793717027,0.0882014185751
300,0.0687537602774,0.00171621441231,0.0666297961089,0.100415326725,0.128074708886,0.0433707094565,0.183373104942,0.0995999493063,0.00217021252161,0.0570756034716,0.0430400339837,0.00937034086108,0.0524380661425,0.000951165005728,0.0703986706106,0.0295845831967,0.0360765631975,0.00663026759659
301,0.11633576086,0.0158704804664,0.0403018387647,0.111907917241,0.00349708994181,0.0443596676195,0.0617220246442,0.0285511995323,0.100210584855,0.00836355059373,0.112410255381,0.0852103116184,0.0290818697577,0.139442369645,0.0118757321776,0.00939561792343,0.0605574071737,0.0205753983904
302,0.00700119865059,0.211895860249,0.00156636708915,0.188990286129,0.161075930695,0.157084846252,0.00355660628862,0.00231739132168,0.26618058997
413,0.00024793590286,0.00170068686563,0.501872264083,0.19985932688,0.0589937196915,0.236995143242
304,0.0327100843014,0.093927362694,0.047405482273,0.05402634001,0.190258960234,0.0907706990075,0.016995415857,0.262119510734,0.0360318330723,0.0980559730833,0.0731054701043,0.00426194490533
305,0.252144708102,0.000996291796238,0.0742856240382,0.148325422809,0.0019695903733,0.27098909688,0.00225399862782,0.00131476790375,0.146774548905,0.100615027144
306,0.18691629591,0.135629375668,0.172266279197,0.00529310336612,0.0967296994318,0.00875723890274,0.057397911356,0.336679172856
307,0.21040154967,0.673182652797,0.116084873918
245,0.0160665011336,0.0323046090493,0.00872769969246,0.0577828411485,0.251481097342,0.228220436645,5.0542107873e-06,0.127469388528,0.0984262906151,0.000190278094761,0.134243055655,0.0447518243543
244,0.062357785849,0.233347463182,0.222012428768,0.010554138637,0.268327758867,0.203025797891,6.18524619526e-06,3.75179254741e-05
247,0.00450124948902,0.000953049093101,0.425841230474,0.015714648928,0.135797428207,0.227043573777
246,0.0814973388335,0.0531402827179,0.289336742642,0.0568583411528,0.0923723187281,0.103754030769,0.154645549196,0.168064472395
241,0.0253424953263,0.524495305207,0.449831275811
240,0.0140740453564,0.000995714460767,0.0152852353052,0.107664989325,0.000381052870469,0.140928411006,0.00378475909784,0.1825736459,0.105227877227,0.145095781852,0.159295720495,0.12436184349
243,0.00576270937687,0.312676234155,0.270718241518,2.22069822315e-05,0.174796016315,0.00323231352355,0.149182129293,0.0832792251305
297,0.0920139044828,0.238725853988,0.16208517064,0.018713914241,0.300236522671,0.00013207485569,0.0352181093694,0.0674033221091,0.0851402047353
249,0.470714669197,0.223274864237
248,0.0322239570347,0.230206881879,0.231978023036,0.22803699351,0.00950636987698,0.000359543945354,0.267357307045
418,0.253999499944,0.14381626361,0.0255954242049,0.105994087593,0.0974962071089,0.234427031375,0.105170534702,0.0147346849102,0.0184353430585
224,0.274242240073,0.140608486938,0.244851107816,0.268074976226,0.0171174558168,0.0547748096569
419,0.0861794546629,0.126970672372,0.111747083655,0.0128542143816,0.0852364532075,0.207457527311,0.00510567880088,0.0206858727518,0.0909390095816,0.252493109747
391,0.0440671708456,0.22797073338,0.203994187347,0.0333750173786,0.00286620102035,0.00343279043372,0.250986723048,0.198282869337,0.00856061514088,0.0261327685557
162,0.267329140449,4.62622679543e-05,0.000247562087578,0.255126541742,0.00364231064329,0.239387298199,0.233889961109
511,0.313628014257,0.0515975614253,0.284443375909,0.155061084229,0.062494147254,0.00787206356483,0.124572829823
510,0.00157263436278,0.397696853475,0.019800380228,0.192601936678,0.298476207678,0.0195212191204,0.0699998451132
291,0.0797964697366,0.00431068120283,0.0401976655872,0.033214997949,0.165808375028,0.0731316032287,0.116043611292,0.20376365297,0.118054568356,0.0174242351017,0.000143856476464,0.0307487435343,0.0060204038851,0.11101021242
458,0.0785302234913,0.239131374693,8.74015538928e-05,0.173996944828,0.0550940348218,0.0157256392584,0.118686479671,0.000143717911017,0.0475892404373,0.04069356607,0.00456289021437,0.0676306738792,0.135538815681,0.0222580738965
459,0.0102317298058,0.031855103836,0.261896172139,0.0220681606349,0.209166681973,0.110184005046,0.0283590578684,8.57277508077e-05,0.0127326707157
489,0.0831943426472,0.22678968048,0.0366391594681,0.11955272004,0.336209608311,0.143245081094,0.054038484301
450,0.0171916202827,0.163028798712,0.0120492289444,0.24275295824,0.0349324644942,0.0337479099365,0.0202083552393,0.412813503597,0.0629442370249
451,0.00168871073832,0.153661425005,0.416204081139,0.0314436334816,0.0150243527689,0.0216415180841,0.201315299272,0.15869005617
452,7.37617414199e-05,0.236531301745,0.223605718228,0.117205249401,0.11248630479,0.309396332308,0.000370408334293
453,0.00969991662017,0.0726563746802,0.307071199358,0.0456584809642,0.210549138997,0.178055609158,0.0728380605251,0.103140295939
454,0.0239753645524,0.115589855466,0.00627858402382,0.00316560837353,0.0479370464123,0.222257826827,0.2644383416,0.0589629374778,0.0769150270125,0.0688128324679,0.00531690968008,0.106018742679
455,0.0353244282619,0.00189634572904,1.19672884793e-06,0.195519324526,0.312943663389,0.275274717403,0.152825300057,0.0258841004571
456,0.200989302364,0.00676736156847,0.398568587644,0.313393971902,0.0552944436764,0.024655409048
457,0.258535150604,0.00523921214674,0.214216674936,3.88623592099e-05,0.000546494612765,0.22417594582,0.285938087499,0.0097714470736,0.00120720147918
179,0.152132764111,0.00776958446872,0.180989043407,0.127204528101,0.0578280523232,0.0575637115923,0.0479594534642,0.266384512047,0.101837427119
178,0.128561895164,0.292486523925,0.312402026033,0.13655754359,0.129661087829
177,0.274400293705,0.308246125402
176,0.013865164004,0.0812825871161,0.0538583088723,0.0857459398519,0.0308616640543,0.024766374262,0.0295594733503,0.00189204179948,0.0841791668003,0.0549277821146,0.0527502399697,0.0537733963621,0.0711142597533,0.048796855118,0.0568495121088,0.0436843112641,0.0608352524194,0.0124815374163,0.0430409142531,0.014757987659,0.00401473879331,0.0766315692141
175,0.129588594737,0.117473803186,0.124779661377,0.255971669374,0.283633598581,0.0632516723369,0.0249700762403
174,0.0722243884701,0.246573632086,0.0679738500219,0.0352539190399,0.205879538458,0.371763748576
173,0.0100220308196,0.0982904488968,0.238091971332,0.0827219652898,0.0253239483302,0.00206305867982,0.153871988968,0.0306503758624,0.0271361086798,0.0699756918874,0.148365105171,0.0361191672975,0.0767938384356
172,0.0692776498481,0.0466912798816,0.0635126281675,0.000401365604498,0.0549277821146,0.0128987624299,0.0864094572589,0.0425912643212,0.0165224865374,0.0552389875784,0.0582962741955,0.000536082451782,0.112219287113,0.0498396456425,0.0338475593204,0.0174926029981,0.106432964009,0.0528736244728,0.06035247867,0.0577037796576,0.00160311456853
171,0.181572699292,0.165867132794,0.324205706261,0.0577830267281,0.151525022556,0.0373405944447,0.0813748940756
170,0.273818208265,0.0041365803366,0.244816173975,0.0699724001021,0.406925714294
390,0.000877253146,0.21469031862,0.00738579972275,0.32412448192,0.450159663293,0.00243155978251
183,0.235999738821,0.00252254931101,0.259641011367,0.263545047324,0.237960729591
253,0.128160904701,0.000346795763342,0.0745678534338,0.00302348939202,0.001743740609,0.167129029002,0.0217638357399,0.147261031479,0.0215221426855,0.123002142028,0.00402522741626,0.0181600306252,0.161089998038,0.127872855526
182,0.184939396384,0.0135931092509,0.0117780574901,5.40626523573e-05,0.0537733963621,0.0804358528515,0.0600137088205,0.0153864181285,0.0682860095667,0.0436843112641,0.0608352524194,0.0690940668756,0.0195471247702,0.080053874042,0.217068126129,0.0211263095706
195,0.113397656514,0.19126501039,0.24035465991,0.0104456691634,0.443896980986
180,0.0373278528689,0.0747268858544,0.0466912798816,0.0031507502151,0.0353642222364,0.0452420132352,0.184744864644,0.0572926201949,0.00345221262291,0.0415103908314,0.101104755488,0.0383607287621,0.00249935941469,0.0220419084683,0.0477108851693,0.00135376252302,0.0111531848243
2,0.00303909158692,0.305138228511,0.312189860771,0.300310500402,0.0337791276329,0.0450657926329
186,0.0547378379922,0.018230243145,0.0781605378989,0.290194885941,0.151501036565,0.249900902789,0.156943632081
184,0.0884789885902,0.407049069809,0.00884162580613,0.228142742116,0.112616753153,0.15453989694
194,0.161802096002,0.0201634095234,0.0668852036488,0.0247732057606,0.12053160754,0.511372908282,0.000616823632851,0.0935238219695
188,0.391350716569,0.086131871376,0.0315847492286,0.074252628744,0.260860842623,0.0795582538505,0.0718920182664,0.00403799554931
311,2.65357330204e-05,0.11566348714,0.0429678836183,0.140127781176,0.0028190541748,0.233684026611,0.120733875328,0.212127169159,0.131519263549
310,0.00184206068637,0.422742445303,0.143175545896,0.0518115863105,0.312732228067,0.0555084635756,0.0118567468557
317,0.852789939833,0.0239579902847,0.00342798553649,0.115926056879,0.00356710375925
185,0.0254169111984,0.0889394751134,0.144274770292,0.0125881382093,0.24180184011,0.0203965266983,0.26949537136,0.179264598081,0.0174914450485
242,0.0633347484615,0.311941658246,0.05428305102,0.0870565875575,0.0940161926046,0.0823617404635,0.00628584233325,0.0667040033245,0.0439462487044,0.189739003926
316,0.0432024662391,0.0468269592388,0.0852967138511,0.14598891383,0.14514791586,0.1614754198,0.163220568492,0.108488322447,0.0387020092577,0.0613197872111
315,0.049942103974,0.737268834921,0.10954393668,0.0716946288279,0.000950257323698,0.0302693147752
229,0.00289623373125,0.275919415018,0.227551977461,0.217325716364,0.00568941545376,0.265510304035,0.00477601455854
228,0.305200381021,0.0422277828002,0.0381943740804,0.169101811444,0.13562462679,0.153099409238,0.154286664021,0.00193402685507
227,0.0300014225045,0.152647301704,0.000304440214572,0.163311431463,0.200726156889,0.0513730971585,0.0822261706542,0.319079055965
226,0.000164067181179,0.148392814668,0.233579231672,0.000309636063449,0.0956983095928,0.15207852029,0.104045653318,0.159421021374,0.105979822403
225,0.35709759269,0.016364772719,0.00624386633958,0.0515145474361,0.0402778523703,0.110398285933,0.185654369982,0.232117789152
314,0.0172451361529,0.205902885258,0.254429946273,0.258854104192,0.263237004463
223,0.0166257247154,0.308254732315,0.232771848014,0.00222709657421,0.033523070823,0.36416357125,0.0421030329723
222,0.223406642396,0.000176907120457,0.025634414976,0.109577187223,0.13840085628,0.242761529389,0.182478811782,0.0264900649608,0.050742662468
220,0.0471323434125,0.0771326594237,0.0744231441693,0.0369035768436,0.150740187364,0.0218396573465,0.0368938969518,0.0224270268331,0.00443002952073,0.088455158115,0.0529636921232,0.0535533577084,0.0525214944848,0.0482444661097,0.0633690388198,0.0110959082442,0.157543438806
11,0.0124987794417,0.0575418422354,0.148191379038,0.0565268021572,0.165300832986,0.0113840280829,0.120173617061,0.231882750477,0.0109371727031,0.147612761011,0.0376191111437
115,0.00592286739087,0.266402595412,0.113546594874,0.15958642448,1.72946610394e-05,0.00175791771943,0.000298907591351,0.00500590436117,0.132964338019,0.125516976397,0.188649255855
13,0.0653046652136,0.204297984386,0.00132162554954,0.0260600287343,0.310019328741,0.00546789486658,0.180688765597,0.146703947369,0.00930474959629,0.0140050297508,0.036495056923
12,0.0950781348733,0.198184958481,0.0608909571862,0.129530187291,0.00010941376552,0.419017697873,0.0694445388188,0.0274131882336
15,0.113585079213,0.0019039967238,0.10992676164,0.0973226431562,0.18286077211,0.153655893058,0.0829894929653,0.257424437512
14,0.109927287848,0.013504343828,0.185079699146,0.412302196972,0.112197780499,0.0901529536103,0.0765048146753
17,0.262373928516,0.00339546885049,0.000126670391652,0.0333822231434,0.240612860039,0.108000725921,0.150082065095,0.0776329446624,0.124062189622
16,0.105510736926,0.0849897187432,0.285325750765,0.1127800954,0.207156054795,0.080966349162,0.121989597806,0.000948145839196,2.62737887209e-06
19,0.067490334742,0.0405822878666,0.166308176734,0.162729727508,0.44981039232,0.0244178978971,0.0462496636239,0.0420805955533
18,0.0600461785544,0.579139338477,0.00446629456249,0.0752361927456,0.0344200317802,0.246361040814
117,0.25596148863,0.0540095632978,0.0472330334659,0.148963771057,0.269270305118,0.00194301124421,0.0225699901187,0.0366956450861,0.0337689046326,0.129253363884
116,0.0652425363341,0.0221879419414,0.129508876514,0.0490331347555,0.0200419752793,0.285405815416,2.05207358768e-05,0.107429814086,0.100094513907,0.22070394758
111,0.327282705039,0.107051803675,0.44207890877,0.00992217991069,0.0119208652659,0.101412614131
388,0.0574254940647,0.333623021092,0.265663333269,0.0112059735938,0.331751254737
110,0.019135372457,4.92808678326e-06,0.0260819555997,0.125015209573,0.295396451591,0.0204229283476,0.00842842871915,0.0749302967731,0.106184681962,0.187652436288,0.0324758913976,0.103940495605
150,0.111320742539,0.290182141726,0.00386673514033,0.302623442314
153,0.00947501631913,0.122172263987,0.158579652463,0.220235282667,0.173058616256,0.00980266665931,0.147380769722,0.158355653233,0.000609155354577
152,0.0157573844279,1.10655169275e-05,0.156989627555,0.186258299302,0.0120778946,0.108629809369,0.168424864569,0.0578896933781,0.163908697965,0.129158281735,0.000206717025219,0.000356741311832
113,0.038785620316,0.194711116311,0.0260758906146,0.000971650551132,0.263891200206,0.154414525905,0.172910020173,0.147909052487
157,0.000816331443904,0.0490340649185,0.0606076784491,0.0163851909108,0.0104156895079,0.330701499047,0.267993187974,0.0396587402062,0.0740710283215,0.0361933845949,0.00921470267439,0.0760967019663
156,1.54346060147e-06,0.108129121585,0.0501393506335,0.00304895190153,0.195789103818,0.151733981683,0.0743623291602,0.0684151940516,0.0401238735608,0.182682838437,0.111070178703,0.00211652024152,0.00153396067185,0.010522128732
159,0.0661408501152,0.0734917541838,0.252012917286,0.27834852531,0.0200184450664,0.248161354659,0.0614952297535
158,0.374341814385,0.039390997351,0.0607285693476,0.0421673097571,0.00261752974979,0.0012059885225,0.240480326207,0.0468204662301,0.091212289556,0.0667567482058,0.0339470372744
112,0.00354263858598,0.0502722042674,0.53729990977,0.125619566975,0.145274091648,0.137660665735
399,0.344994053766,0.0185190220322,0.0623810455017,0.0100371228154,0.119388239671,0.0954966765124,0.130920492392
398,0.000410120567456,0.132885237283,0.62539636225
48,0.120960876744,0.135274117836,0.101736667178,0.286230733615,0.0733713671637,0.282095313962
49,0.00498200461404,0.712860615468,0.180670725793,0.00113852191682,0.100017208604
46,0.1742792173,0.00556533885363,0.00679654195455,0.042176039335,0.0684901081966,0.146765719038,0.179952429083,0.0327219130046,0.0027593340126,0.104840839336,0.235321596434
119,0.0221427937209,0.0619971971058,0.450188242254,0.459195282738,0.00233388345299,0.00381167733583
44,0.447612364882,0.00290193209008,0.0411043193245,0.0213023695238,0.00778193655019,0.282598568789,0.196367585372
45,0.0641719813729,0.0321164422013,0.0963658565033,0.0145357223378,0.779077940862,0.0134011329783
42,0.13551541175,0.0159371830967,0.0277119831913,0.474000836587,0.0875844890879,0.0348944803714,0.22402469196
43,0.11445756534,0.103008058303,0.351625896969,0.0110898498398,0.419487706128
40,0.290061396776,0.683595204366,0.026012466815
118,0.143129889401,0.0916177307641,0.163542068772,0.00764323846821,0.000931348979868,0.0591271151885,0.0024156386987,0.107366622495,0.0228438840823,0.132329646292,0.117550335092,0.000237497930539,0.15093406024
322,0.15089887683,0.0501698627376,0.00486146135042,0.0514155341745,0.130730979768,0.0141434763404,0.0955453044143,0.0513383288137,0.0238378486677,0.42672740311
323,0.0437983780284,0.0540458151563,0.00186222757907,0.0387605728455,0.114655460614,0.140586893642,0.126436447421,0.000161654457687,0.0160003164892,0.260155118149,0.148591693747,0.0546144982968
320,0.261934263259,0.170513658011,0.0250015066801,0.00443498927741,0.275334181818,0.262450477431
321,0.0172002701945,0.317350637182,0.232967588446,0.125822255579,0.033228534785,0.0417416260354,0.14389118596,0.0874669781582
326,0.323726097417,0.151367359687,0.0698550358097,0.13154745281,0.123256277207,0.0377941542585,0.105336864559,0.0567858347731
327,0.00171874942821,0.0100509785041,0.23153710719,0.300925164637,0.00367593724878,0.257911439233,0.193849700316
324,0.112689762368,0.0428327876932,0.0360318609884,0.000998815398935,0.0284232080696,0.000195896091307,0.0587807528292,0.0126945328771,0.0529636921232,0.0482260166567,0.0146440035464,0.0141469505247,0.0393523244938,0.520831029959,0.0168574426007
325,0.139229474558,0.236030308542,0.128868730952,0.243859327575,0.134597031778,0.0519410817281,0.0322716947699,0.0328714265597
328,0.942211527361,0.000837564585014,0.0274238379719,0.0291961466303
329,0.241947583236,0.0966829011756,0.0134114266089,0.041310038661,0.0714854077924,0.0058805623274,0.528762974774
201,0.0755764469444,0.0721180095285,0.00170424587231,0.117438948978,0.299286722831,0.433544702379
200,0.0722935538324,0.112063965893,0.187891739209,0.0469598567012,0.312102179205,0.225015662964,0.043342118656
203,0.0328020871276,0.135439699903,0.142205766664,0.100216974627,0.462450831094,0.110792629211,0.0157610880268
202,0.225196065214,0.00053621861032,0.247566770095,0.407009295024,0.105532031424,0.013828696058
205,0.023795628689,0.189775177343,0.163675398279,0.169007710578,0.134145390178,0.146928950747,0.172340820655
204,0.300971586097,0.10921193422,0.589000769595,0.000428599654997,5.61867573443e-05
207,0.00103672891884,0.18141121139,0.0382498513403,0.231923580337,0.494067417051,0.052980287604
206,0.0678749503204,0.670306821646,0.0215115538222,0.0167106079982,0.223265142685
209,0.00341850537445,0.0190071728395,0.0513142416041,0.576803703636,0.128906220373,0.00621011293986,0.00451607688802,9.50330621606e-05,0.209398009622
208,0.0163522502853,0.15658366676,0.0689438795656,0.298767625343,0.209928413337,0.249093240965
77,0.0276739640528,0.146347709726,0.0652039274516,0.0352539190399,0.254962151123,0.00380308725148,0.466424335497
76,0.00497081328137,0.280166848734,0.0590835152734,0.318003077911
75,0.101501463971,0.0126800450077,0.217094665293,0.409646950146,0.0351775805415,0.218842430062,0.00472594087
74,0.39616752076,0.293480336304,0.123983766154,0.05426472761,0.0181015447582,5.13758330102e-06,0.113666043491
73,0.0143608237182,0.0122886250263,0.376157613219,0.0352539190399,0.303314310185,0.00435177537176,0.0190641029283,0.234877906938
72,0.319253922374,0.340090411467,0.34032474282
71,0.224842042051,0.771849047822,0.000362517773238,0.00261546902096
488,0.286087231153,0.104783034086,0.168377648253,7.05302845974e-06,0.202353774903,0.165650484004,0.0724098512724
487,0.13831612183,0.0932327577251,0.394456517105,0.184852680549,0.134921466527,0.00492904486039,0.0489604880268
486,0.0911396734938,0.101509833426,0.00695852922475,0.00534791915276,0.399250059613,0.0316501039073,0.215344540995,0.148468416402
485,0.000882714187929,0.182646522018,0.00133342487051,0.176802246322,0.200911695312,0.120152297741,0.0251786820837,0.261214443037,0.0285057036986,0.000569198676826,0.00147214826585
484,0.168315336486,0.0258308105507,0.126835971408,0.193184083537,0.145640421075,0.0271990429392,0.000802837377359,0.280526181243,0.031334391844
483,0.144101409198,0.0615869097443,0.252160788343,0.0624184977742,0.0546453239808,0.114006554247,0.310749593068
482,0.00617916593107,0.00588250455179,0.234609416646,0.164252893675,0.0293928034856,0.0302394152446,0.0761668677374,0.00890125416017,0.156723656566,0.183355997863,0.0695328476648,0.0166660065298,0.0177662460877
481,0.0551444996846,0.194518705433,0.205710080081,0.124529771382,0.171801222456,0.0386779980283,0.00882290059274,0.200463898818
480,0.0799233378745,0.22394016159,0.00592587186964,0.0207779027338,0.163114353267,0.234655486615,0.17754203025,0.0367121380632,0.0570777939567
509,0.0353466272397,0.261498573104,0.407523535814,0.165323030037,0.000461437773226,0.129515872326
472,0.141531071457,0.210257009202,0.338906744363,0.0330481562445,0.178882384718,0.072639950319,0.0244037601608
470,0.110803919376,0.00324962299865,0.0135081949609,0.107280803924,0.17277734052,0.183702912146,0.297833718956,0.110512563386
471,0.00415000538956,0.0219380551784,0.132563341166,0.048587899684,0.0499078438904,0.304022902017,0.358334531944,0.0801644972296
476,0.113926826532,0.0245270098948,0.0886464049395,0.253217037596,0.171285306717,0.0902117054949,0.168818065097,0.0845156557685,0.00452106463402
477,0.0111505863297,0.0260961343859,0.039297381804,0.161218241973,0.00226222718179,0.0730400781566,0.0125536173765,0.359508433139,0.00619043081876,0.0799112165379,0.158420695512,0.0700200335133
474,0.0471197014205,0.0153685445913,0.0521578896679,0.00451352009664,0.103110976437,0.288459074124,0.00712356386773,0.0425746179564,0.104241100715,0.201872023739,0.133128064388
475,0.000111551522705,0.146448597443,0.18004925931,0.0935547976065,0.0491032881714,0.168549641511,0.232353544908,0.0948989907969,0.0345994054798
478,0.14348671648,0.200339125609,0.16893084374,0.0382486189046,0.088731255566,0.0335863291711,0.171701262662,0.103074818492,0.00957249507639,0.00010599158884,0.000528671134035,0.0413629484768
479,0.153624403727,0.085806947209,0.0818490071837,0.00238420302108,0.134650496957,0.0270637046439,0.177034658372,0.294265638547,0.0429900167712
